pro_com_t,<12,>=12,totale
1001,246,2302,2548
1002,370,3199,3569
1003,38,410,448
1004,135,1515,1650
1006,560,5888,6448
1007,7,231,238
1008,1434,15298,16732
1009,213,1817,2030
1010,41,444,485
1011,70,768,838
1012,94,1000,1094
1013,1168,11358,12526
1014,113,1121,1234
1015,60,718,778
1016,285,2825,3110
1017,49,482,531
1018,341,3285,3626
1019,11,102,113
1020,264,2830,3094
1021,139,1432,1571
1022,265,2831,3096
1023,41,515,556
1024,1616,15941,17557
1025,378,3063,3441
1026,46,489,535
1027,186,1928,2114
1028,1245,10593,11838
1029,70,517,587
1030,325,3296,3621
1031,61,705,766
1032,197,1992,2189
1033,326,2756,3082
1034,1018,7626,8644
1035,472,4113,4585
1036,29,376,405
1037,35,413,448
1038,854,7663,8517
1039,117,1362,1479
1040,138,1364,1502
1041,137,1203,1340
1042,79,1041,1120
1043,200,1423,1623
1044,454,5340,5794
1045,645,5727,6372
1046,304,3049,3353
1047,677,6724,7401
1048,543,5407,5950
1049,134,1220,1354
1050,97,1093,1190
1051,605,5045,5650
1052,21,254,275
1053,233,2360,2593
1054,56,545,601
1055,202,1862,2064
1056,69,830,899
1057,82,660,742
1058,926,8219,9145
1059,3130,25212,28342
1060,154,1717,1871
1061,137,1402,1539
1062,330,2687,3017
1063,1547,12267,13814
1064,168,1581,1749
1065,222,1949,2171
1066,947,8859,9806
1067,21,399,420
1068,693,5791,6484
1069,232,2078,2310
1070,532,4824,5356
1071,179,1586,1765
1072,58,980,1038
1073,9,156,165
1074,65,862,927
1075,35,322,357
1076,113,1476,1589
1077,172,1884,2056
1078,3482,32430,35912
1079,29,205,234
1080,59,807,866
1081,143,1431,1574
1082,2709,23899,26608
1083,32,321,353
1084,28,211,239
1085,14,305,319
1086,1589,16511,18100
1087,18,177,195
1088,142,1335,1477
1089,266,2877,3143
1090,4617,44482,49099
1091,33,276,309
1092,55,536,591
1093,383,4091,4474
1094,240,2866,3106
1095,27,415,442
1096,86,844,930
1097,754,7100,7854
1098,872,8623,9495
1099,954,8018,8972
1100,13,230,243
1101,594,4539,5133
1102,220,1980,2200
1103,25,457,482
1104,237,2409,2646
1105,42,707,749
1106,250,2021,2271
1107,304,2956,3260
1108,18,257,275
1109,149,1495,1644
1110,241,2630,2871
1111,56,486,542
1112,890,8495,9385
1113,83,1047,1130
1114,40,562,602
1115,1378,14826,16204
1116,480,3531,4011
1117,41,630,671
1118,14,182,196
1119,69,888,957
1120,3403,33297,36700
1121,4,40,44
1122,45,643,688
1123,33,341,374
1124,36,375,411
1125,1884,21164,23048
1126,178,1589,1767
1127,1073,7746,8819
1128,431,4486,4917
1129,125,1312,1437
1130,1963,14340,16303
1131,16,168,184
1132,133,1664,1797
1133,36,392,428
1134,81,1318,1399
1135,158,1524,1682
1136,101,959,1060
1137,117,1036,1153
1139,617,6543,7160
1140,51,447,498
1141,51,497,548
1142,109,1053,1162
1143,32,383,415
1144,113,1202,1315
1145,2,54,56
1146,326,3490,3816
1147,50,598,648
1148,394,3744,4138
1149,49,758,807
1150,120,1151,1271
1152,45,715,760
1153,25,358,383
1154,57,581,638
1155,19,313,332
1156,5527,50995,56522
1157,2,38,40
1158,66,656,722
1159,85,900,985
1160,286,3085,3371
1161,501,4634,5135
1162,93,738,831
1163,81,767,848
1164,4478,42057,46535
1165,1,105,106
1166,695,6132,6827
1167,24,266,290
1168,826,7085,7911
1169,38,490,528
1170,159,1297,1456
1171,2372,20793,23165
1172,59,701,760
1173,130,1046,1176
1174,88,841,929
1175,279,3029,3308
1176,101,1076,1177
1177,75,767,842
1178,200,1792,1992
1179,28,391,419
1180,111,1011,1122
1181,302,3401,3703
1183,412,3640,4052
1184,249,2925,3174
1185,41,474,515
1186,29,571,600
1187,71,678,749
1188,43,582,625
1189,1788,13637,15425
1190,230,2619,2849
1191,3294,32252,35546
1192,699,7679,8378
1193,431,3450,3881
1194,1875,16145,18020
1195,339,3041,3380
1196,122,1217,1339
1197,1079,9033,10112
1198,82,896,978
1199,270,2882,3152
1200,112,968,1080
1201,95,650,745
1202,20,240,260
1203,208,1682,1890
1204,15,210,225
1205,113,1143,1256
1206,63,676,739
1207,32,426,458
1208,18,307,325
1209,26,321,347
1210,85,921,1006
1211,165,1609,1774
1212,1,51,52
1213,107,1029,1136
1214,2110,17951,20061
1215,610,4143,4753
1216,264,2274,2538
1217,1257,11143,12400
1218,134,1425,1559
1219,4081,43237,47318
1220,285,2778,3063
1221,137,1534,1671
1222,193,1764,1957
1223,232,2402,2634
1224,18,274,292
1225,181,1681,1862
1226,14,216,230
1227,51,751,802
1228,555,4417,4972
1229,186,2188,2374
1230,77,706,783
1231,155,1667,1822
1232,63,546,609
1233,34,423,457
1234,5,70,75
1235,110,1407,1517
1236,677,5303,5980
1237,418,3590,4008
1238,29,324,353
1239,38,475,513
1240,504,4323,4827
1241,358,3369,3727
1242,152,1583,1735
1243,361,2778,3139
1244,235,2298,2533
1245,90,890,980
1246,322,2955,3277
1247,70,738,808
1248,1142,9023,10165
1249,1657,16863,18520
1250,141,1304,1445
1251,18,239,257
1252,295,2816,3111
1253,152,1716,1868
1254,376,3293,3669
1255,463,4222,4685
1256,391,3658,4049
1257,1130,9404,10534
1258,21,230,251
1259,74,998,1072
1260,328,2917,3245
1261,78,729,807
1262,113,1333,1446
1263,69,860,929
1264,27,438,465
1265,4293,42406,46699
1266,139,1386,1525
1267,64,868,932
1268,19,251,270
1269,518,5549,6067
1270,527,5519,6046
1271,63,706,769
1272,78202,769994,848196
1273,311,2662,2973
1274,45,563,608
1275,361,4197,4558
1276,397,3438,3835
1278,21,301,322
1279,41,469,510
1280,985,9712,10697
1281,14,164,178
1282,8,193,201
1283,139,1267,1406
1284,387,3621,4008
1285,80,849,929
1286,87,704,791
1287,327,2700,3027
1288,6,87,93
1289,71,782,853
1290,136,1308,1444
1291,59,819,878
1292,2941,29877,32818
1293,465,4315,4780
1294,95,1249,1344
1295,54,712,766
1296,26,215,241
1298,33,461,494
1299,491,4623,5114
1300,420,4098,4518
1301,126,1071,1197
1302,366,3137,3503
1303,278,2514,2792
1304,93,918,1011
1305,156,1801,1957
1306,88,973,1061
1307,318,3624,3942
1308,415,4094,4509
1309,1709,13317,15026
1310,138,1024,1162
1311,77,1104,1181
1312,46,473,519
1313,84,948,1032
1314,1637,13623,15260
1315,959,7618,8577
1316,754,6650,7404
1317,101,1163,1264
1318,60,945,1005
2002,65,665,730
2003,31,273,304
2004,233,2294,2527
2006,70,770,840
2007,128,1252,1380
2008,13,101,114
2009,14,199,213
2011,158,1689,1847
2014,10,150,160
2015,160,2107,2267
2016,930,11425,12355
2017,244,1980,2224
2021,64,769,833
2025,23,192,215
2029,3,69,72
2030,71,972,1043
2031,95,998,1093
2032,55,698,753
2033,18,203,221
2035,16,275,291
2041,1,52,53
2042,386,3926,4312
2043,19,219,238
2045,6,79,85
2047,65,683,748
2048,13,238,251
2049,706,6909,7615
2052,31,357,388
2054,123,945,1068
2057,5,180,185
2058,76,991,1067
2059,55,432,487
2061,618,7018,7636
2062,89,720,809
2065,24,314,338
2066,22,316,338
2067,39,473,512
2068,66,726,792
2070,32,485,517
2071,391,3780,4171
2072,73,725,798
2078,7,87,94
2079,109,1252,1361
2082,45,691,736
2088,87,695,782
2089,17,197,214
2090,71,1039,1110
2091,21,263,284
2093,116,1161,1277
2096,8,130,138
2097,15,173,188
2102,49,523,572
2104,67,654,721
2107,300,3579,3879
2108,37,343,380
2110,3,66,69
2113,7,124,131
2115,29,395,424
2116,188,2119,2307
2118,43,483,526
2121,11,173,184
2122,81,825,906
2126,21,178,199
2127,6,96,102
2128,336,3465,3801
2131,120,1334,1454
2133,681,7444,8125
2134,35,338,373
2135,30,343,373
2137,387,4372,4759
2142,110,1054,1164
2147,57,612,669
2148,597,6106,6703
2150,318,3061,3379
2152,108,1786,1894
2156,590,6366,6956
2158,4366,41509,45875
2163,23,374,397
2164,135,1407,1542
2166,18,140,158
2170,5,142,147
2171,69,877,946
3001,137,1424,1561
3002,71,814,885
3006,175,1959,2134
3008,1155,12595,13750
3012,41,704,745
3016,1033,8436,9469
3018,167,1130,1297
3019,85,1030,1115
3021,137,1149,1286
3022,103,1056,1159
3023,171,1792,1963
3024,2035,19194,21229
3025,617,4582,5199
3026,231,2567,2798
3027,96,986,1082
3030,226,2268,2494
3032,1050,9664,10714
3036,238,2241,2479
3037,105,881,986
3039,94,809,903
3040,146,1361,1507
3041,93,778,871
3042,39,269,308
3043,958,8744,9702
3044,26,359,385
3045,112,1054,1166
3047,152,1153,1305
3049,728,5924,6652
3051,49,463,512
3052,116,1115,1231
3055,174,1438,1612
3058,248,2348,2596
3060,133,1264,1397
3062,205,2317,2522
3065,178,1820,1998
3066,240,2360,2600
3068,1656,13824,15480
3069,172,1239,1411
3070,156,1589,1745
3073,272,3127,3399
3076,412,4996,5408
3077,124,1222,1346
3079,316,4024,4340
3082,419,3881,4300
3083,35,505,540
3084,179,1989,2168
3088,145,1459,1604
3090,15,204,219
3091,156,1442,1598
3093,98,1031,1129
3095,180,2220,2400
3097,154,1065,1219
3098,54,743,797
3100,198,2211,2409
3103,149,1653,1802
3104,79,727,806
3106,10012,91904,101916
3108,1567,12602,14169
3109,210,1944,2154
3112,55,1218,1273
3114,238,1894,2132
3115,55,829,884
3116,100,1220,1320
3119,65,734,799
3120,112,1271,1383
3121,212,1912,2124
3122,154,1700,1854
3129,100,830,930
3130,350,3408,3758
3131,697,4853,5550
3133,280,2720,3000
3134,82,659,741
3135,203,1723,1926
3138,42,512,554
3139,132,1251,1383
3140,76,643,719
3141,118,968,1086
3143,238,2471,2709
3144,43,418,461
3146,66,814,880
3149,2479,17907,20386
3153,67,896,963
3154,490,4351,4841
3158,175,1840,2015
3159,72,791,863
3164,40,495,535
3166,483,4676,5159
4001,12,145,157
4002,11,201,212
4003,2991,28224,31215
4004,18,217,235
4005,12,127,139
4006,6,70,76
4007,15,176,191
4008,97,900,997
4009,541,5315,5856
4010,90,965,1055
4011,68,546,614
4012,779,6649,7428
4013,70,611,681
4014,60,577,637
4015,7,204,211
4016,462,2992,3454
4017,2,93,95
4018,38,300,338
4019,430,3226,3656
4020,52,431,483
4021,3,55,58
4022,613,3616,4229
4023,7,88,95
4024,39,345,384
4025,1399,11035,12434
4026,13,161,174
4027,47,588,635
4028,966,8697,9663
4029,3096,26370,29466
4030,27,272,299
4031,1,40,41
4032,10,254,264
4033,85,941,1026
4034,1119,8964,10083
4035,37,543,580
4037,608,4967,5575
4038,5,71,76
4039,3,93,96
4040,692,6087,6779
4041,390,2666,3056
4042,121,1022,1143
4043,440,3889,4329
4044,19,150,169
4045,135,1274,1409
4046,240,1955,2195
4047,12,136,148
4049,169,1172,1341
4050,14,294,308
4051,82,815,897
4052,24,263,287
4053,5,54,59
4054,7,88,95
4055,69,629,698
4056,70,759,829
4057,37,422,459
4058,83,578,661
4059,582,4812,5394
4060,9,74,83
4061,833,6045,6878
4062,179,1835,2014
4063,19,391,410
4064,602,4564,5166
4065,256,1993,2249
4066,617,4992,5609
4067,1166,8217,9383
4068,341,3252,3593
4069,19,169,188
4070,9,73,82
4071,73,735,808
4072,221,1919,2140
4073,183,2065,2248
4074,81,844,925
4075,366,2943,3309
4076,36,338,374
4077,11,141,152
4078,5347,50633,55980
4079,163,1735,1898
4080,378,3236,3614
4081,431,4252,4683
4082,754,6255,7009
4083,6,79,85
4084,54,704,758
4085,190,1771,1961
4086,158,1532,1690
4087,54,409,463
4088,21,278,299
4089,2636,21850,24486
4090,41,704,745
4091,149,1450,1599
4092,24,241,265
4093,57,516,573
4094,36,304,340
4095,204,2727,2931
4096,335,2251,2586
4097,15,242,257
4098,3,120,123
4099,236,2034,2270
4100,249,1734,1983
4101,366,3158,3524
4102,4,60,64
4103,8,67,75
4104,120,1281,1401
4105,258,2461,2719
4106,38,414,452
4107,81,657,738
4108,66,747,813
4109,12,186,198
4110,107,1331,1438
4111,14,177,191
4112,2,45,47
4113,294,1906,2200
4114,224,1942,2166
4115,116,1147,1263
4116,451,3336,3787
4117,438,2821,3259
4118,140,1291,1431
4119,1,50,51
4120,16,198,214
4121,66,662,728
4122,28,266,294
4123,18,201,219
4124,18,243,261
4125,62,559,621
4126,131,1153,1284
4127,5,77,82
4128,184,1180,1364
4129,62,511,573
4130,2344,19920,22264
4131,26,566,592
4132,190,1764,1954
4133,508,4172,4680
4134,41,504,545
4135,71,775,846
4136,69,647,716
4137,51,430,481
4138,20,195,215
4139,53,468,521
4140,162,1435,1597
4141,11,218,229
4142,287,2062,2349
4143,393,3704,4097
4144,242,1757,1999
4145,80,755,835
4146,108,832,940
4147,396,3052,3448
4148,335,2981,3316
4149,19,335,354
4150,16,347,363
4151,98,881,979
4152,99,869,968
4153,34,370,404
4154,1,85,86
4155,71,1445,1516
4156,8,81,89
4157,200,2460,2660
4158,44,533,577
4159,6,279,285
4160,13,187,200
4161,16,248,264
4162,5,104,109
4163,620,4871,5491
4164,24,290,314
4165,240,1872,2112
4166,282,2448,2730
4167,2,72,74
4168,181,1222,1403
4169,100,876,976
4170,370,2962,3332
4171,107,1013,1120
4172,8,168,176
4173,16,216,232
4174,8,164,172
4175,61,447,508
4176,207,1816,2023
4177,47,626,673
4178,28,384,412
4179,963,8791,9754
4180,446,3767,4213
4181,117,935,1052
4182,5,103,108
4183,0,99,99
4184,9,85,94
4185,218,1967,2185
4186,30,448,478
4187,145,1403,1548
4188,3,122,125
4189,166,1404,1570
4190,191,1923,2114
4191,95,646,741
4192,261,2407,2668
4193,9,146,155
4194,127,1452,1579
4195,39,374,413
4196,78,875,953
4197,70,743,813
4198,48,311,359
4199,32,442,474
4200,9,150,159
4201,90,1130,1220
4202,82,648,730
4203,1716,15626,17342
4204,7,79,86
4205,92,888,980
4206,8,146,154
4207,24,390,414
4208,350,2665,3015
4209,175,2139,2314
4210,201,1646,1847
4211,288,2081,2369
4212,324,2537,2861
4213,342,3532,3874
4214,129,1217,1346
4215,2225,19217,21442
4216,16,161,177
4217,241,1886,2127
4218,58,480,538
4219,14,287,301
4220,43,430,473
4221,22,289,311
4222,659,5592,6251
4223,247,2436,2683
4224,6,90,96
4225,309,1855,2164
4226,11,154,165
4227,39,455,494
4228,75,651,726
4229,3,44,47
4230,68,702,770
4231,22,287,309
4232,289,1928,2217
4233,87,835,922
4234,81,711,792
4235,2,98,100
4237,133,1228,1361
4238,57,488,545
4239,92,1023,1115
4240,683,5745,6428
4241,244,2069,2313
4242,279,2914,3193
4243,304,2325,2629
4244,322,2554,2876
4245,607,5154,5761
4246,83,667,750
4247,155,1404,1559
4248,45,558,603
4249,18,344,362
4250,37,454,491
5001,135,1422,1557
5002,23,469,492
5003,69,897,966
5004,39,526,565
5005,7094,67254,74348
5006,31,353,384
5007,125,992,1117
5008,27,283,310
5009,28,375,403
5010,18,279,297
5011,70,747,817
5012,240,2296,2536
5013,144,1507,1651
5014,116,1122,1238
5015,100,1076,1176
5016,29,375,404
5017,906,9259,10165
5018,121,873,994
5019,29,294,323
5020,32,565,597
5021,45,493,538
5022,347,3299,3646
5023,104,1055,1159
5024,41,543,584
5025,224,2432,2656
5026,31,260,291
5027,6,133,139
5028,157,1650,1807
5029,61,752,813
5030,43,663,706
5031,252,2850,3102
5032,40,349,389
5033,72,632,704
5034,42,420,462
5035,31,196,227
5036,49,544,593
5037,23,339,362
5038,27,200,227
5039,31,399,430
5040,101,1123,1224
5041,32,256,288
5042,103,1300,1403
5044,19,183,202
5045,26,286,312
5046,25,248,273
5047,52,537,589
5048,37,480,517
5049,47,465,512
5050,542,5148,5690
5051,34,406,440
5052,87,975,1062
5053,158,1357,1515
5054,30,485,515
5055,73,649,722
5056,42,497,539
5057,46,541,587
5058,240,1808,2048
5059,193,1809,2002
5060,26,294,320
5061,8,222,230
5062,24,359,383
5063,54,452,506
5064,9,191,200
5065,71,947,1018
5066,164,1964,2128
5067,91,891,982
5068,81,803,884
5069,189,2599,2788
5070,85,789,874
5071,71,784,855
5072,26,301,327
5073,65,859,924
5074,62,655,717
5075,96,1126,1222
5076,226,2085,2311
5077,83,978,1061
5079,12,174,186
5080,978,9219,10197
5081,3,68,71
5082,36,381,417
5083,41,404,445
5084,30,503,533
5085,6,202,208
5086,42,528,570
5087,181,1781,1962
5088,13,146,159
5089,142,1407,1549
5090,49,708,757
5091,29,337,366
5092,28,439,467
5093,60,855,915
5094,29,346,375
5095,28,322,350
5096,127,1241,1368
5097,879,7117,7996
5098,5,98,103
5099,56,619,675
5100,80,909,989
5101,94,1094,1188
5103,41,485,526
5104,1,102,103
5105,21,226,247
5106,59,481,540
5107,8,149,157
5108,162,1560,1722
5109,67,714,781
5110,9,206,215
5111,31,251,282
5112,258,2155,2413
5113,52,552,604
5114,21,221,242
5115,56,799,855
5116,58,747,805
5117,284,2684,2968
5118,598,4908,5506
5119,27,339,366
5120,33,524,557
5121,126,1442,1568
6001,1542,17951,19493
6002,19,277,296
6003,8554,83550,92104
6004,53,686,739
6005,59,668,727
6007,24,388,412
6008,32,320,352
6009,615,5627,6242
6010,15,242,257
6011,106,1195,1301
6012,198,1827,2025
6013,106,1501,1607
6014,41,458,499
6015,51,659,710
6016,15,143,158
6017,127,1653,1780
6018,166,1765,1931
6019,35,513,548
6020,134,1241,1375
6021,204,2057,2261
6022,72,1041,1113
6023,14,304,318
6024,27,399,426
6025,27,452,479
6026,30,436,466
6027,48,679,727
6028,28,426,454
6029,145,1662,1807
6030,114,981,1095
6031,31,298,329
6032,28,389,417
6033,45,867,912
6034,3,86,89
6035,48,439,487
6036,50,673,723
6037,89,1072,1161
6038,19,346,365
6039,2561,30652,33213
6040,87,885,972
6041,3,112,115
6043,253,2625,2878
6044,60,793,853
6045,9,76,85
6046,23,372,395
6047,416,3898,4314
6048,6,140,146
6049,124,1745,1869
6050,38,415,453
6051,111,1333,1444
6052,41,571,612
6053,395,4487,4882
6054,24,367,391
6055,15,242,257
6056,33,444,477
6057,28,362,390
6058,23,276,299
6059,98,1209,1307
6060,36,413,449
6061,70,875,945
6062,24,299,323
6063,81,921,1002
6065,9,166,175
6066,6,172,178
6067,23,566,589
6068,169,1993,2162
6069,15,292,307
6070,53,447,500
6071,35,395,430
6072,34,437,471
6073,112,1267,1379
6074,44,577,621
6075,176,1680,1856
6076,161,1417,1578
6077,49,962,1011
6078,66,756,822
6079,37,579,616
6081,384,4070,4454
6082,65,617,682
6083,14,280,294
6084,10,230,240
6085,28,441,469
6086,32,268,300
6087,48,597,645
6088,56,767,823
6090,3,80,83
6091,112,1185,1297
6092,102,1169,1271
6093,14,166,180
6094,83,1135,1218
6095,157,1913,2070
6096,37,527,564
6097,70,864,934
6098,12,187,199
6099,11,182,193
6100,5,141,146
6101,45,511,556
6102,10,234,244
6103,14,229,243
6104,36,575,611
6105,23,282,305
6106,37,475,512
6107,28,256,284
6108,16,277,293
6109,84,1260,1344
6110,19,397,416
6111,44,662,706
6112,48,566,614
6113,84,1235,1319
6114,2440,25346,27786
6115,125,1129,1254
6116,30,371,401
6117,27,210,237
6118,6,108,114
6119,43,365,408
6120,40,548,588
6121,919,10052,10971
6122,99,1094,1193
6123,88,1277,1365
6124,13,192,205
6125,22,488,510
6126,19,600,619
6127,118,1158,1276
6128,95,1078,1173
6129,65,809,874
6131,17,312,329
6132,294,3133,3427
6133,117,1237,1354
6134,30,510,540
6135,26,299,325
6136,46,952,998
6137,10,290,300
6138,406,4056,4462
6139,32,442,474
6140,147,1774,1921
6141,141,1207,1348
6142,132,1404,1536
6143,53,556,609
6144,103,1273,1376
6145,14,382,396
6146,6,119,125
6147,107,1340,1447
6148,13,208,221
6149,89,1383,1472
6150,16,321,337
6151,359,3558,3917
6152,32,514,546
6153,97,1103,1200
6154,321,3769,4090
6155,37,483,520
6156,16,351,367
6157,20,364,384
6158,97,1041,1138
6159,34,479,513
6160,623,5255,5878
6161,97,1102,1199
6162,150,1716,1866
6163,120,1429,1549
6164,10,181,191
6165,49,904,953
6166,33,324,357
6167,211,2170,2381
6168,178,1724,1902
6169,110,1423,1533
6170,43,554,597
6171,90,817,907
6172,54,792,846
6173,91,1230,1321
6174,2474,24618,27092
6175,20,245,265
6176,42,627,669
6177,1433,16806,18239
6178,68,888,956
6179,63,883,946
6180,156,1874,2030
6181,318,2746,3064
6182,38,440,478
6183,71,807,878
6184,12,282,294
6185,173,1576,1749
6186,46,614,660
6187,85,1087,1172
6188,96,1064,1160
6189,7,123,130
6190,47,625,672
6191,153,1706,1859
6192,131,1532,1663
6193,98,1262,1360
7001,16,193,209
7002,59,498,557
7003,3090,30319,33409
7004,119,1116,1235
7005,88,773,861
7006,33,268,301
7007,172,1227,1399
7008,231,1860,2091
7009,13,101,114
7010,17,203,220
7011,92,851,943
7012,83,800,883
7013,80,664,744
7014,55,495,550
7015,82,803,885
7016,3,107,110
7017,64,642,706
7018,24,366,390
7019,228,2108,2336
7020,376,4078,4454
7021,106,1250,1356
7022,225,2508,2733
7023,209,2199,2408
7024,47,457,504
7025,23,194,217
7026,51,436,487
7027,210,1559,1769
7028,38,396,434
7029,39,411,450
7030,193,1525,1718
7031,373,3022,3395
7032,43,283,326
7033,82,742,824
7034,108,1067,1175
7035,83,573,656
7036,38,359,397
7037,135,1199,1334
7038,69,655,724
7039,8,101,109
7040,236,1751,1987
7041,80,749,829
7042,44,403,447
7043,152,1638,1790
7044,215,1867,2082
7045,337,2631,2968
7046,17,146,163
7047,19,195,214
7048,45,401,446
7049,152,1359,1511
7050,13,161,174
7051,73,736,809
7052,344,3199,3543
7053,98,908,1006
7054,497,3554,4051
7055,1,83,84
7056,14,163,177
7057,103,929,1032
7058,354,3053,3407
7059,42,331,373
7060,134,1188,1322
7061,43,284,327
7062,20,169,189
7063,361,2840,3201
7064,26,306,332
7065,370,4032,4402
7066,468,4291,4759
7067,63,498,561
7068,12,183,195
7069,47,556,603
7070,11,160,171
7071,221,2035,2256
7072,120,1140,1260
7073,238,2308,2546
7074,109,1156,1265
8001,27,328,355
8002,59,536,595
8003,10,141,151
8004,11,105,116
8005,23,313,336
8006,76,992,1068
8007,10,338,348
8008,776,9299,10075
8009,32,370,402
8010,63,745,808
8011,605,4886,5491
8012,17,234,251
8014,117,1126,1243
8015,6,253,259
8016,89,1029,1118
8017,96,1038,1134
8018,18,254,272
8019,49,530,579
8020,56,455,511
8021,111,1070,1181
8022,59,556,615
8023,7,174,181
8024,53,707,760
8025,60,614,674
8026,224,2040,2264
8027,430,5245,5675
8028,98,988,1086
8029,217,1850,2067
8030,129,1164,1293
8031,3642,38334,41976
8032,73,594,667
8033,27,243,270
8034,8,161,169
8035,35,549,584
8037,5,118,123
8038,15,181,196
8039,219,2961,3180
8040,71,741,812
8041,35,402,437
8042,121,1196,1317
8043,50,710,760
8044,88,749,837
8045,223,2103,2326
8046,36,617,653
8047,32,440,472
8048,52,488,540
8049,24,287,311
8050,221,2575,2796
8051,33,257,290
8052,247,2794,3041
8053,100,1158,1258
8054,105,1149,1254
8055,4014,48313,52327
8056,140,1898,2038
8057,20,259,279
8058,109,877,986
8059,1337,12571,13908
8060,21,217,238
8061,22,331,353
8062,122,1162,1284
8063,599,6192,6791
8064,18,362,380
8065,2121,21526,23647
8066,16,232,248
8067,42,394,436
8068,30,463,493
9001,759,9563,10322
9002,2145,21159,23304
9003,383,4868,5251
9004,665,8957,9622
9005,149,1819,1968
9006,557,6732,7289
9007,51,531,582
9008,38,496,534
9009,62,686,748
9010,65,1012,1077
9011,212,2288,2500
9012,335,4201,4536
9013,129,1937,2066
9014,17,338,355
9015,1109,11555,12664
9016,122,1583,1705
9017,105,1325,1430
9018,392,4975,5367
9019,53,652,705
9020,36,284,320
9021,8,124,132
9022,382,4643,5025
9023,254,3036,3290
9024,494,4898,5392
9025,205,1879,2084
9026,84,964,1048
9027,153,1753,1906
9028,7,210,217
9029,797,10455,11252
9030,134,1154,1288
9031,83,905,988
9032,15,393,408
9033,136,1580,1716
9034,834,9883,10717
9035,69,868,937
9036,82,988,1070
9037,7,97,104
9038,332,2892,3224
9039,30,468,498
9040,55,712,767
9041,10,160,170
9042,141,2318,2459
9043,14,201,215
9044,64,855,919
9045,187,1399,1586
9046,33,402,435
9047,74,849,923
9048,44,738,782
9049,618,7714,8332
9050,57,569,626
9051,49,784,833
9052,573,6407,6980
9053,51,505,556
9054,60,705,765
9055,115,1656,1771
9056,4876,53690,58566
9057,229,3322,3551
9058,252,2705,2957
9059,61,759,820
9060,8,165,173
9061,279,2381,2660
9062,246,2296,2542
9063,20,651,671
9064,700,7404,8104
9065,1001,11737,12738
9066,16,349,365
9067,62,733,795
9068,299,2474,2773
9069,23,268,291
10001,929,10248,11177
10002,236,2313,2549
10003,220,2339,2559
10004,374,4008,4382
10005,137,1757,1894
10006,392,4865,5257
10007,316,4783,5099
10008,224,2576,2800
10009,461,6073,6534
10010,357,3349,3706
10011,662,6052,6714
10012,271,2838,3109
10013,133,1452,1585
10014,298,3401,3699
10015,2376,24938,27314
10016,219,2023,2242
10017,742,8083,8825
10018,584,5110,5694
10019,25,242,267
10020,28,493,521
10021,135,1674,1809
10022,0,70,70
10023,44,390,434
10024,13,245,258
10025,47008,511922,558930
10026,2,88,90
10027,107,1303,1410
10028,1021,11316,12337
10029,200,2214,2414
10030,14,403,417
10031,102,1366,1468
10032,264,3259,3523
10033,257,2381,2638
10034,153,1322,1475
10035,296,3241,3537
10036,205,2273,2478
10037,205,2404,2609
10038,14,196,210
10039,141,1876,2017
10040,209,1959,2168
10041,47,767,814
10042,39,471,510
10043,224,2248,2472
10044,15,351,366
10045,7,122,129
10046,2437,26476,28913
10047,765,8778,9543
10048,52,861,913
10049,362,3840,4202
10050,1,54,55
10051,215,2387,2602
10052,21,476,497
10053,261,2344,2605
10054,645,8118,8763
10055,502,5156,5658
10056,48,975,1023
10057,260,2804,3064
10058,726,6959,7685
10059,1477,16493,17970
10060,335,3682,4017
10061,18,476,494
10062,147,2078,2225
10063,51,525,576
10064,201,1946,2147
10065,43,714,757
10066,11,364,375
10067,157,2165,2322
11001,298,3993,4291
11002,877,9295,10172
11003,179,2095,2274
11004,675,6662,7337
11005,33,784,817
11006,60,828,888
11007,96,1194,1290
11008,65,998,1063
11009,26,493,519
11010,19,453,472
11011,744,7585,8329
11012,79,1265,1344
11013,605,5657,6262
11014,40,592,632
11015,8437,83440,91877
11016,644,9042,9686
11017,427,4855,5282
11018,29,567,596
11019,116,1265,1381
11020,684,7611,8295
11021,38,501,539
11022,200,3152,3352
11023,366,3226,3592
11024,94,1309,1403
11025,45,627,672
11026,1010,8847,9857
11027,1869,19870,21739
11028,65,1235,1300
11029,133,1721,1854
11030,40,724,764
11031,604,6566,7170
11032,39,450,489
12001,48,353,401
12002,537,4680,5217
12003,431,4976,5407
12004,1070,8830,9900
12005,499,4266,4765
12006,472,4132,4604
12007,63,680,743
12008,144,1505,1649
12009,144,1437,1581
12010,63,597,660
12011,250,2269,2519
12012,544,4876,5420
12013,823,7977,8800
12014,295,2911,3206
12015,463,3838,4301
12016,229,1963,2192
12017,301,2891,3192
12018,95,729,824
12019,171,1567,1738
12020,144,1074,1218
12021,64,725,789
12022,130,1085,1215
12023,72,872,944
12024,130,1033,1163
12025,275,2811,3086
12026,8363,74758,83121
12027,276,1877,2153
12029,772,6894,7666
12030,484,4225,4709
12031,267,2310,2577
12032,1542,12901,14443
12033,730,5887,6617
12034,2304,15636,17940
12035,448,4324,4772
12036,287,2421,2708
12037,149,1195,1344
12038,291,3328,3619
12039,579,5053,5632
12040,2174,18956,21130
12041,81,565,646
12042,1334,12983,14317
12043,65,481,546
12044,113,1186,1299
12045,148,1752,1900
12046,751,6877,7628
12047,447,4584,5031
12048,660,5045,5705
12049,89,705,794
12050,1152,9041,10193
12051,368,3429,3797
12052,167,1732,1899
12053,450,4193,4643
12054,114,1101,1215
12055,327,2567,2894
12056,86,698,784
12057,55,541,596
12058,432,3128,3560
12059,344,2676,3020
12060,310,2633,2943
12061,14,141,155
12062,339,2933,3272
12063,137,1496,1633
12064,297,2761,3058
12065,148,1321,1469
12066,8,127,135
12067,1446,10855,12301
12068,676,6005,6681
12069,86,597,683
12070,5866,48094,53960
12071,100,882,982
12072,871,8208,9079
12073,455,4071,4526
12074,305,2596,2901
12075,1267,9528,10795
12076,382,3460,3842
12077,236,2390,2626
12078,447,4500,4947
12079,775,7342,8117
12080,207,1960,2167
12081,135,1097,1232
12082,107,955,1062
12083,999,9255,10254
12084,592,4709,5301
12085,553,4632,5185
12086,607,5224,5831
12087,614,7791,8405
12088,350,3330,3680
12089,578,4451,5029
12090,1156,10220,11376
12091,140,1092,1232
12092,1391,12857,14248
12093,122,1178,1300
12095,125,1110,1235
12096,1703,14672,16375
12097,401,3044,3445
12098,954,7053,8007
12099,22,285,307
12100,31,269,300
12101,177,1609,1786
12102,211,1396,1607
12103,168,1315,1483
12104,210,1728,1938
12105,408,3838,4246
12106,525,4416,4941
12107,457,3820,4277
12108,1366,11182,12548
12109,903,6953,7856
12110,76,739,815
12113,264,2562,2826
12114,193,2094,2287
12115,99,799,898
12116,120,1162,1282
12117,324,2697,3021
12118,1568,14467,16035
12119,3853,34623,38476
12120,1124,10036,11160
12121,423,3581,4004
12122,517,4833,5350
12123,1860,15607,17467
12124,573,5483,6056
12125,382,3215,3597
12126,238,2288,2526
12127,1996,16639,18635
12128,426,3573,3999
12129,11,195,206
12130,1143,9499,10642
12131,174,1409,1583
12132,230,2220,2450
12133,7159,72880,80039
12134,761,6531,7292
12136,559,5414,5973
12137,776,6506,7282
12138,856,7793,8649
12139,480,4586,5066
12140,53,513,566
12141,166,1312,1478
12142,190,2260,2450
12143,327,2302,2629
13003,614,5748,6362
13004,401,3729,4130
13005,280,2403,2683
13006,126,1141,1267
13007,479,4315,4794
13009,186,1610,1796
13010,718,6889,7607
13011,67,614,681
13012,577,4507,5084
13013,379,3188,3567
13015,56,508,564
13021,27,288,315
13022,355,2414,2769
13023,492,4265,4757
13024,210,1492,1702
13025,28,259,287
13026,89,1064,1153
13028,737,5709,6446
13029,253,1931,2184
13030,18,314,332
13032,136,1505,1641
13034,448,3535,3983
13035,738,6666,7404
13036,869,7092,7961
13037,47,446,493
13040,157,1712,1869
13041,4094,35419,39513
13042,489,4672,5161
13043,535,4916,5451
13044,73,1049,1122
13045,248,2659,2907
13046,432,3973,4405
13047,373,2729,3102
13048,699,5911,6610
13052,160,1489,1649
13053,524,4478,5002
13055,416,2922,3338
13058,105,1145,1250
13059,98,807,905
13062,15,166,181
13063,35,505,540
13064,908,8265,9173
13065,504,5981,6485
13068,184,1875,2059
13071,56,498,554
13074,34,428,462
13075,7717,77091,84808
13077,92,715,807
13083,60,616,676
13084,337,3130,3467
13085,9,195,204
13087,43,551,594
13089,129,1332,1461
13090,293,2951,3244
13092,16,207,223
13095,1488,14466,15954
13097,244,2356,2600
13098,92,1077,1169
13099,596,4126,4722
13100,347,2830,3177
13101,479,4548,5027
13102,1111,8686,9797
13106,34,655,689
13107,127,923,1050
13110,280,2502,2782
13111,124,1173,1297
13113,32,559,591
13114,625,5085,5710
13118,957,8149,9106
13119,68,812,880
13120,57,471,528
13121,289,2217,2506
13123,51,408,459
13126,212,1791,2003
13128,527,3316,3843
13129,582,5360,5942
13130,8,154,162
13131,476,3733,4209
13133,1183,8718,9901
13134,232,1687,1919
13135,281,2440,2721
13136,567,4720,5287
13137,296,2255,2551
13138,961,8718,9679
13139,65,585,650
13143,2702,22126,24828
13144,294,2876,3170
13145,280,2805,3085
13147,412,3634,4046
13152,113,1455,1568
13153,289,2065,2354
13154,644,4651,5295
13155,8,216,224
13157,226,2244,2470
13159,982,7670,8652
13160,80,866,946
13161,99,1078,1177
13163,288,2575,2863
13165,1237,10426,11663
13169,254,2115,2369
13170,254,2415,2669
13178,21,161,182
13183,94,940,1034
13184,10,234,244
13185,67,764,831
13186,53,627,680
13187,9,222,231
13188,443,3850,4293
13189,528,4234,4762
13192,89,819,908
13193,142,1223,1365
13195,33,270,303
13197,148,1122,1270
13199,180,1462,1642
13201,890,7042,7932
13202,732,5464,6196
13203,33,452,485
13204,89,865,954
13206,758,7056,7814
13207,20,255,275
13211,71,805,876
13212,321,2798,3119
13216,132,1057,1189
13217,36,598,634
13218,53,557,610
13222,569,5124,5693
13223,87,1044,1131
13226,29,206,235
13227,1058,8321,9379
13228,536,4369,4905
13229,270,2333,2603
13232,237,2374,2611
13233,25,133,158
13234,123,1337,1460
13236,7,193,200
13238,369,2691,3060
13239,63,683,746
13242,452,3677,4129
13245,841,7037,7878
13246,20,170,190
13248,125,1591,1716
13249,347,3748,4095
13250,331,3285,3616
13251,565,4816,5381
13252,453,4565,5018
13253,261,2717,2978
13254,365,3147,3512
13255,500,4174,4674
14001,10,276,286
14002,261,2776,3037
14003,72,511,583
14004,127,1355,1482
14005,320,2904,3224
14006,4,113,117
14007,352,3695,4047
14008,142,1136,1278
14009,404,3687,4091
14010,193,1784,1977
14011,96,961,1057
14012,83,834,917
14013,95,1267,1362
14014,40,559,599
14015,146,1409,1555
14016,27,405,432
14017,85,705,790
14018,650,6557,7207
14019,184,2195,2379
14020,237,2213,2450
14021,34,302,336
14022,98,1029,1127
14023,114,1239,1353
14024,519,4901,5420
14025,55,416,471
14026,385,2911,3296
14027,420,3265,3685
14028,50,482,532
14029,66,702,768
14030,43,506,549
14031,6,152,158
14032,243,1702,1945
14033,423,4004,4427
14034,152,1492,1644
14035,59,477,536
14036,104,1179,1283
14037,1046,5745,6791
14038,71,559,630
14039,80,663,743
14040,106,916,1022
14041,87,852,939
14043,207,1631,1838
14044,261,2706,2967
14045,1188,11154,12342
14046,198,1681,1879
14047,3,32,35
14048,183,1245,1428
14049,194,1896,2090
14050,192,1722,1914
14051,189,1658,1847
14052,209,2034,2243
14053,59,575,634
14054,326,2619,2945
14055,21,269,290
14056,71,469,540
14057,302,2553,2855
14058,27,334,361
14059,61,430,491
14060,327,3669,3996
14061,1905,19378,21283
14062,8,71,79
14063,460,4150,4610
14064,11,186,197
14065,396,4034,4430
14066,814,8024,8838
14067,63,692,755
14068,69,574,643
14069,359,2476,2835
14070,188,1825,2013
14071,524,3636,4160
14072,403,3224,3627
14073,227,2286,2513
14074,59,814,873
14075,100,962,1062
14076,21,189,210
14077,107,848,955
14078,286,2645,2931
15002,3431,29042,32473
15005,427,4242,4669
15007,731,5927,6658
15009,1920,17281,19201
15010,1419,10725,12144
15011,1079,7853,8932
15012,1731,15411,17142
15014,395,3268,3663
15015,826,7078,7904
15016,370,3393,3763
15019,297,2726,3023
15022,212,1824,2036
15024,663,6488,7151
15026,361,3738,4099
15027,3383,32572,35955
15032,2488,23870,26358
15035,284,2139,2423
15036,2776,23935,26711
15038,469,4071,4540
15040,711,7678,8389
15041,1398,12526,13924
15042,141,1075,1216
15044,885,6134,7019
15046,1190,11281,12471
15050,585,3525,4110
15051,1662,13877,15539
15055,475,3537,4012
15058,573,4918,5491
15059,1923,16911,18834
15060,1593,12308,13901
15061,187,1642,1829
15062,1132,9805,10937
15070,4259,30541,34800
15071,536,4556,5092
15072,1597,13468,15065
15074,2293,20875,23168
15076,1536,12755,14291
15077,7883,65654,73537
15078,675,4245,4920
15081,4854,41833,46687
15082,232,1754,1986
15085,2254,16297,18551
15086,2151,18054,20205
15087,2003,18097,20100
15093,3375,29946,33321
15096,820,7343,8163
15097,486,3807,4293
15098,1687,16624,18311
15099,771,5564,6335
15101,339,2650,2989
15103,1024,8105,9129
15105,2620,24268,26888
15106,1000,7697,8697
15108,2309,18326,20635
15110,384,2661,3045
15112,162,1434,1596
15113,804,7705,8509
15114,1260,9972,11232
15115,987,7978,8965
15116,2662,23014,25676
15118,5961,52977,58938
15122,472,3563,4035
15125,1226,9057,10283
15130,2345,21573,23918
15131,977,8269,9246
15134,636,5497,6133
15136,392,3190,3582
15139,1379,10576,11955
15140,2078,16008,18086
15142,1825,16451,18276
15144,435,3765,4200
15146,137441,1260274,1397715
15150,88,937,1025
15151,895,7142,8037
15154,1536,15350,16886
15155,39,602,641
15157,1876,18213,20089
15158,536,3935,4471
15159,1463,12539,14002
15164,398,3856,4254
15165,138,1279,1417
15166,4863,43117,47980
15167,591,5205,5796
15168,3100,24977,28077
15169,1147,9942,11089
15170,1171,10121,11292
15171,2568,21192,23760
15172,826,8181,9007
15173,1576,13927,15503
15175,4281,31540,35821
15176,772,7554,8326
15177,844,5566,6410
15178,871,7658,8529
15179,868,6447,7315
15181,1411,12656,14067
15182,4947,44662,49609
15183,472,4266,4738
15184,650,6107,6757
15185,515,4084,4599
15188,635,5144,5779
15189,4547,36776,41323
15191,660,6663,7323
15192,3269,28801,32070
15194,633,6070,6703
15195,4587,33687,38274
15200,585,4350,4935
15201,815,7443,8258
15202,498,3867,4365
15204,1392,10912,12304
15205,3817,31954,35771
15206,2218,19265,21483
15209,7913,72676,80589
15210,796,6520,7316
15211,2025,17713,19738
15213,1527,12376,13903
15219,629,4611,5240
15220,2448,18781,21229
15221,1144,10714,11858
15222,437,3186,3623
15224,580,5209,5789
15226,712,6331,7043
15229,1109,8202,9311
15230,1163,8023,9186
15236,346,2944,3290
15237,1079,8231,9310
15242,1829,14824,16653
15243,999,7977,8976
15244,384,3554,3938
15247,743,6045,6788
15248,578,5564,6142
15249,555,4678,5233
15250,1358,10359,11717
15251,708,5086,5794
16001,247,1938,2185
16002,72,710,782
16003,946,7317,8263
16004,1720,15809,17529
16005,471,5015,5486
16006,770,5682,6452
16007,516,5090,5606
16008,1343,12027,13370
16009,229,2137,2366
16010,423,2721,3144
16011,538,4230,4768
16012,314,3078,3392
16013,269,2442,2711
16014,13,157,170
16015,49,504,553
16016,779,6743,7522
16017,26,350,376
16018,541,3805,4346
16019,76,594,670
16020,442,3774,4216
16021,259,1746,2005
16022,74,630,704
16023,250,2202,2452
16024,11240,108444,119684
16025,221,1172,1393
16026,43,546,589
16027,6,68,74
16028,902,5498,6400
16029,814,5364,6178
16030,1409,8678,10087
16031,752,5847,6599
16032,159,994,1153
16033,112,877,989
16034,515,4482,4997
16035,68,655,723
16036,53,628,681
16037,933,7485,8418
16038,859,7004,7863
16040,745,5320,6065
16041,15,98,113
16042,656,4918,5574
16043,769,5162,5931
16044,634,4698,5332
16046,877,7285,8162
16047,482,3790,4272
16048,37,534,571
16049,455,3733,4188
16050,107,1084,1191
16051,860,7269,8129
16052,323,2758,3081
16053,1784,14386,16170
16055,619,4109,4728
16056,13,275,288
16057,511,4128,4639
16058,419,3460,3879
16059,428,3559,3987
16060,288,2845,3133
16061,5,106,111
16062,1233,8936,10169
16063,325,2488,2813
16064,277,3085,3362
16065,92,1164,1256
16066,330,2273,2603
16067,202,1444,1646
16068,267,2274,2541
16069,522,3376,3898
16070,403,3752,4155
16071,152,1438,1590
16072,448,2938,3386
16073,741,5276,6017
16074,660,5537,6197
16075,645,4754,5399
16076,528,4487,5015
16077,837,7682,8519
16078,99,1017,1116
16079,1261,9738,10999
16080,150,1481,1631
16081,552,3823,4375
16082,105,821,926
16083,215,1712,1927
16084,416,2862,3278
16085,30,517,547
16086,938,8080,9018
16087,578,3521,4099
16088,469,3053,3522
16089,674,6702,7376
16090,4,211,215
16091,2339,21007,23346
16092,62,825,887
16093,327,3023,3350
16094,252,1727,1979
16096,839,7067,7906
16097,151,1141,1292
16098,361,2759,3120
16099,107,1023,1130
16100,306,2654,2960
16101,618,4168,4786
16102,39,512,551
16103,5,170,175
16104,327,2725,3052
16105,434,2937,3371
16106,14,192,206
16107,90,883,973
16108,436,4782,5218
16109,139,1299,1438
16110,91,753,844
16111,458,4482,4940
16113,761,5341,6102
16114,535,4590,5125
16115,707,5844,6551
16116,117,1375,1492
16117,703,5760,6463
16118,99,1066,1165
16119,100,755,855
16120,888,6462,7350
16121,6,160,166
16122,67,563,630
16123,417,3706,4123
16124,348,3963,4311
16125,44,517,561
16126,396,3287,3683
16127,97,731,828
16128,414,4652,5066
16129,382,2435,2817
16130,91,783,874
16131,468,3510,3978
16132,826,6000,6826
16133,1350,9407,10757
16134,10,153,163
16135,298,2629,2927
16136,11,191,202
16137,91,1041,1132
16139,392,2835,3227
16140,266,2195,2461
16141,345,2537,2882
16142,491,3900,4391
16143,692,6639,7331
16144,1157,10086,11243
16145,40,453,493
16146,83,895,978
16147,8,138,146
16148,40,535,575
16149,81,816,897
16150,178,1498,1676
16151,3,140,143
16152,631,4598,5229
16153,1435,11037,12472
16154,255,1824,2079
16155,448,3568,4016
16156,580,3926,4506
16157,680,4986,5666
16158,283,2410,2693
16159,26,332,358
16160,632,5245,5877
16161,181,1565,1746
16162,176,1269,1445
16163,83,961,1044
16164,101,1112,1213
16165,11,370,381
16166,8,79,87
16167,210,1344,1554
16168,137,1603,1740
16169,632,6090,6722
16170,1327,10184,11511
16171,368,2952,3320
16172,532,4388,4920
16173,468,4052,4520
16174,144,1659,1803
16175,76,1003,1079
16176,505,4266,4771
16177,189,1482,1671
16178,568,5323,5891
16179,102,1135,1237
16180,74,830,904
16182,425,3349,3774
16183,2517,17800,20317
16184,32,382,414
16185,76,731,807
16186,101,800,901
16187,478,3638,4116
16188,373,4287,4660
16189,731,4994,5725
16190,450,4307,4757
16191,38,483,521
16193,671,6026,6697
16194,1058,8726,9784
16195,92,1058,1150
16196,235,2227,2462
16197,162,1832,1994
16198,2655,22089,24744
16199,171,1853,2024
16200,183,1594,1777
16201,55,639,694
16202,875,8123,8998
16203,519,3917,4436
16204,534,4628,5162
16205,94,880,974
16206,728,4941,5669
16207,1586,11657,13243
16208,96,963,1059
16209,384,3336,3720
16210,36,498,534
16211,172,1842,2014
16212,590,4321,4911
16213,1019,6970,7989
16214,919,7722,8641
16215,267,1925,2192
16216,272,2191,2463
16217,121,960,1081
16218,1109,8434,9543
16219,3383,26913,30296
16220,1161,9569,10730
16221,133,1228,1361
16222,1159,8642,9801
16223,82,904,986
16224,505,3853,4358
16225,67,520,587
16226,15,119,134
16227,20,187,207
16229,10,241,251
16230,15,173,188
16232,955,6514,7469
16233,955,7160,8115
16234,439,4063,4502
16235,122,988,1110
16236,137,1166,1303
16237,68,509,577
16238,468,4017,4485
16239,648,5924,6572
16240,715,5959,6674
16241,176,1609,1785
16242,951,7003,7954
16243,139,1297,1436
16244,304,2383,2687
16245,1015,7580,8595
16246,814,7826,8640
16247,71,809,880
16248,56,601,657
16249,32,259,291
16250,251,2091,2342
16251,239,1790,2029
16252,424,3439,3863
16253,415,3790,4205
17001,162,1348,1510
17002,773,6330,7103
17003,126,1518,1644
17004,235,2153,2388
17005,37,409,446
17006,200,2145,2345
17007,385,3160,3545
17008,442,2873,3315
17009,1377,11029,12406
17010,280,3492,3772
17011,217,2065,2282
17012,123,1024,1147
17013,263,2048,2311
17014,1440,10747,12187
17015,337,2394,2731
17016,93,1469,1562
17017,301,2135,2436
17018,365,3412,3777
17019,126,1193,1319
17020,648,4729,5377
17021,966,8055,9021
17022,183,2336,2519
17023,997,9571,10568
17024,182,1871,2053
17025,678,6715,7393
17026,212,1466,1678
17027,76,607,683
17028,424,4270,4694
17029,19303,175799,195102
17030,76,660,736
17031,214,1883,2097
17032,1543,11267,12810
17033,412,3140,3552
17034,925,7477,8402
17035,238,2168,2406
17036,27,319,346
17037,490,4132,4622
17038,1035,8263,9298
17039,1651,11226,12877
17040,978,7350,8328
17041,896,5737,6633
17042,1175,9673,10848
17043,1252,10134,11386
17044,155,1488,1643
17045,1024,6419,7443
17046,1211,9717,10928
17047,105,1000,1105
17048,436,4468,4904
17049,56,599,655
17050,169,1627,1796
17051,55,774,829
17052,2147,16940,19087
17053,142,1340,1482
17054,39,493,532
17055,291,2430,2721
17056,1011,7712,8723
17057,381,4161,4542
17058,158,1909,2067
17059,944,6551,7495
17060,523,3467,3990
17061,1634,13903,15537
17062,729,6406,7135
17063,174,1739,1913
17064,174,1228,1402
17065,1582,14016,15598
17066,640,4888,5528
17067,2834,26480,29314
17068,446,4020,4466
17069,1020,7511,8531
17070,522,4640,5162
17071,176,1824,2000
17072,930,7844,8774
17073,483,4095,4578
17074,200,2427,2627
17075,1232,10158,11390
17076,205,2561,2766
17077,1405,10844,12249
17078,2121,16275,18396
17079,221,1931,2152
17080,544,4389,4933
17081,1661,14698,16359
17082,198,1695,1893
17083,28,318,346
17084,9,123,132
17085,866,8153,9019
17086,485,3574,4059
17087,30,451,481
17088,1578,12378,13956
17089,121,1015,1136
17090,137,1496,1633
17091,452,3266,3718
17092,1816,14801,16617
17093,39,522,561
17094,55,555,610
17095,21,354,375
17096,2085,19563,21648
17097,197,1265,1462
17098,1,104,105
17099,452,2990,3442
17100,187,1795,1982
17101,285,2807,3092
17102,521,4800,5321
17103,1401,11727,13128
17104,444,3730,4174
17105,54,605,659
17106,319,2797,3116
17107,1353,11047,12400
17108,187,1549,1736
17109,254,2287,2541
17110,45,469,514
17111,115,1531,1646
17112,479,4063,4542
17113,3166,22573,25739
17114,584,4439,5023
17115,76,697,773
17116,298,2336,2634
17117,875,9568,10443
17118,210,1773,1983
17119,422,3445,3867
17120,562,4081,4643
17121,249,1662,1911
17122,462,3592,4054
17123,325,2870,3195
17124,83,885,968
17125,1380,10935,12315
17126,230,2196,2426
17127,1837,12270,14107
17128,131,1371,1502
17129,495,4201,4696
17130,383,3219,3602
17131,16,157,173
17132,230,1909,2139
17133,2253,17722,19975
17134,519,4296,4815
17135,51,541,592
17136,701,6191,6892
17137,271,2417,2688
17138,505,3939,4444
17139,47,511,558
17140,51,531,582
17141,119,1336,1455
17142,589,4095,4684
17143,738,7134,7872
17144,218,2216,2434
17145,235,2425,2660
17146,449,3295,3744
17147,511,4631,5142
17148,168,1575,1743
17149,688,6222,6910
17150,819,6036,6855
17151,347,3186,3533
17152,311,2487,2798
17153,150,1343,1493
17155,840,5883,6723
17156,808,6411,7219
17157,73,817,890
17158,337,3132,3469
17159,590,5533,6123
17160,416,2917,3333
17161,1326,11820,13146
17162,664,4116,4780
17163,1112,8596,9708
17164,374,3963,4337
17165,964,8319,9283
17166,2436,16405,18841
17167,740,5065,5805
17168,507,3452,3959
17169,290,3020,3310
17170,911,9552,10463
17171,321,3130,3451
17172,396,2224,2620
17173,483,4179,4662
17174,1360,11806,13166
17175,48,799,847
17176,133,1286,1419
17177,118,1316,1434
17178,313,2745,3058
17179,832,7294,8126
17180,193,1747,1940
17181,136,1086,1222
17182,205,1718,1923
17183,100,1106,1206
17184,115,995,1110
17185,88,1104,1192
17186,734,5577,6311
17187,655,6979,7634
17188,1534,12072,13606
17189,219,1842,2061
17190,638,4737,5375
17191,31,487,518
17192,466,3221,3687
17193,157,1259,1416
17194,4,165,169
17195,785,7227,8012
17196,357,3389,3746
17197,463,3737,4200
17198,154,1312,1466
17199,1170,9260,10430
17200,123,1244,1367
17201,565,5209,5774
17202,55,581,636
17203,245,1753,1998
17204,948,7225,8173
17205,64,968,1032
17206,487,4207,4694
18001,64,733,797
18002,19,215,234
18003,33,475,508
18004,399,3156,3555
18005,135,1405,1540
18006,35,349,384
18007,40,587,627
18008,79,786,865
18009,184,1571,1755
18011,77,881,958
18012,79,586,665
18013,620,5541,6161
18014,330,2763,3093
18015,253,2345,2598
18016,104,1192,1296
18017,36,366,402
18018,77,837,914
18019,334,2309,2643
18020,45,564,609
18021,16,512,528
18022,50,652,702
18023,322,3115,3437
18024,971,8382,9353
18025,9,99,108
18026,124,943,1067
18027,116,1348,1464
18029,124,1201,1325
18030,143,1273,1416
18031,37,420,457
18032,99,778,877
18033,230,2147,2377
18034,963,7820,8783
18035,677,6113,6790
18036,50,665,715
18037,542,5994,6536
18038,78,877,955
18039,96,970,1066
18040,40,496,536
18041,604,6015,6619
18042,23,206,229
18043,304,1930,2234
18044,11,165,176
18045,50,642,692
18046,637,4781,5418
18047,92,1044,1136
18048,382,3524,3906
18049,111,1186,1297
18050,459,4829,5288
18051,66,875,941
18052,129,1427,1556
18053,177,1516,1693
18054,58,690,748
18057,68,914,982
18058,42,334,376
18059,23,342,365
18060,607,4310,4917
18061,418,4101,4519
18062,114,986,1100
18063,68,735,803
18064,26,327,353
18065,94,1029,1123
18066,9,164,173
18067,10,192,202
18068,917,8703,9620
18069,835,8621,9456
18071,135,1249,1384
18072,637,4598,5235
18073,211,2982,3193
18074,11,168,179
18075,285,2430,2715
18076,398,3936,4334
18077,168,1292,1460
18078,827,5534,6361
18079,28,337,365
18080,85,1046,1131
18081,298,2506,2804
18082,13,116,129
18083,145,1910,2055
18084,217,2231,2448
18085,162,1590,1752
18086,273,2161,2434
18087,182,1474,1656
18088,556,5707,6263
18089,18,327,345
18090,86,959,1045
18091,36,425,461
18092,78,1263,1341
18093,386,3194,3580
18094,81,782,863
18095,86,1425,1511
18096,46,473,519
18097,38,373,411
18098,14,239,253
18099,57,587,644
18100,116,1500,1616
18101,30,572,602
18102,1414,13828,15242
18103,19,272,291
18104,65,658,723
18105,7,157,164
18106,91,976,1067
18107,157,1657,1814
18108,19,284,303
18109,179,1669,1848
18110,6087,64884,70971
18111,57,707,764
18112,59,783,842
18113,121,1637,1758
18114,230,2346,2576
18115,137,1531,1668
18116,54,638,692
18117,44,717,761
18118,115,1323,1438
18119,27,372,399
18120,100,927,1027
18121,164,1384,1548
18122,471,4720,5191
18123,487,5272,5759
18124,33,496,529
18125,13,53,66
18126,8,200,208
18127,91,538,629
18128,23,598,621
18129,214,1314,1528
18130,27,513,540
18131,81,777,858
18133,49,423,472
18134,40,590,630
18135,357,3649,4006
18136,71,962,1033
18137,628,5783,6411
18138,423,4720,5143
18139,170,1701,1871
18140,142,1399,1541
18141,130,820,950
18142,15,451,466
18143,196,2090,2286
18144,73,714,787
18145,43,497,540
18146,91,1410,1501
18147,78,785,863
18148,8,196,204
18149,57,595,652
18150,752,5561,6313
18151,99,1053,1152
18152,52,478,530
18153,1025,10514,11539
18154,45,554,599
18155,116,1453,1569
18156,49,476,525
18157,118,803,921
18158,15,300,315
18159,256,2129,2385
18160,426,3066,3492
18161,76,748,824
18162,425,4038,4463
18163,301,2017,2318
18164,349,3298,3647
18165,119,907,1026
18166,32,553,585
18167,15,182,197
18168,174,1920,2094
18169,115,1345,1460
18171,184,2875,3059
18172,8,87,95
18173,392,2947,3339
18174,38,333,371
18175,81,1144,1225
18176,773,5747,6520
18177,6224,55884,62108
18178,4,55,59
18179,68,699,767
18180,322,2969,3291
18181,167,1359,1526
18182,3340,35252,38592
18183,3,121,124
18184,67,891,958
18185,174,1502,1676
18186,63,932,995
18187,43,426,469
18188,26,367,393
18189,192,1489,1681
18190,302,2818,3120
18191,75,751,826
18192,273,2199,2472
18193,65,978,1043
19001,93,1033,1126
19002,445,3409,3854
19003,168,1785,1953
19004,35,555,590
19005,502,4360,4862
19006,149,1303,1452
19007,60,508,568
19009,102,1057,1159
19010,111,1103,1214
19011,45,629,674
19012,206,1960,2166
19013,62,479,541
19014,54,357,411
19015,186,2090,2276
19016,282,3384,3666
19017,181,1636,1817
19018,96,1040,1136
19019,64,459,523
19020,225,1548,1773
19021,1583,13544,15127
19022,169,1406,1575
19023,50,521,571
19024,53,394,447
19025,946,8332,9278
19026,559,4950,5509
19027,24,258,282
19028,35,446,481
19029,260,1993,2253
19030,87,802,889
19031,100,1045,1145
19032,114,914,1028
19033,131,1183,1314
19034,118,1444,1562
19035,3197,31045,34242
19036,6609,64914,71523
19037,221,1507,1728
19038,58,567,625
19039,37,374,411
19040,22,279,301
19041,353,3373,3726
19043,132,1061,1193
19044,86,913,999
19045,92,765,857
19046,199,1701,1900
19047,125,1015,1140
19048,142,1183,1325
19049,58,570,628
19050,173,1332,1505
19051,143,1543,1686
19052,246,2380,2626
19053,75,1024,1099
19054,156,1789,1945
19055,252,2524,2776
19056,232,1478,1710
19057,268,1798,2066
19058,259,2004,2263
19059,252,2201,2453
19060,64,654,718
19061,64,757,821
19062,626,5248,5874
19063,75,837,912
19064,285,2481,2766
19065,122,1202,1324
19066,349,3419,3768
19067,920,7932,8852
19068,342,2969,3311
19069,141,1370,1511
19070,35,551,586
19072,274,2217,2491
19073,113,1002,1115
19074,117,1141,1258
19075,177,1401,1578
19076,531,5771,6302
19077,144,1267,1411
19078,82,799,881
19079,195,1541,1736
19080,104,888,992
19081,349,3006,3355
19082,60,469,529
19083,161,1670,1831
19084,771,7148,7919
19085,237,2021,2258
19086,346,2726,3072
19087,108,1014,1122
19088,198,1911,2109
19089,98,1178,1276
19090,237,1667,1904
19091,20,373,393
19092,113,1197,1310
19093,38,482,520
19094,340,3154,3494
19095,333,2850,3183
19096,73,827,900
19097,738,6773,7511
19098,987,7572,8559
19099,253,2778,3031
19100,111,1377,1488
19101,60,538,598
19102,732,6100,6832
19103,152,1281,1433
19104,38,372,410
19105,50,440,490
19106,42,393,435
19107,193,1866,2059
19108,51,516,567
19109,287,2486,2773
19110,151,1482,1633
19111,323,3282,3605
19112,442,4047,4489
19113,388,3343,3731
19114,28,433,461
19115,15,322,337
19116,380,3545,3925
20001,240,2549,2789
20002,999,9011,10010
20003,564,5148,5712
20007,401,3581,3982
20008,422,3795,4217
20010,212,1952,2164
20011,356,2285,2641
20012,142,1336,1478
20013,392,2801,3193
20014,452,4037,4489
20015,1540,11000,12540
20016,549,4630,5179
20017,2649,20664,23313
20018,329,3381,3710
20019,254,2271,2525
20020,92,999,1091
20021,1497,13218,14715
20022,317,2993,3310
20024,329,2619,2948
20025,182,1946,2128
20026,1024,8996,10020
20027,939,7795,8734
20028,671,5210,5881
20029,111,1328,1439
20030,4419,44104,48523
20031,568,5775,6343
20032,118,667,785
20033,760,6901,7661
20034,483,3641,4124
20035,494,4817,5311
20036,518,4410,4928
20037,260,2191,2451
20038,584,5996,6580
20039,676,6222,6898
20041,171,1516,1687
20042,601,5830,6431
20043,135,1509,1644
20044,239,2087,2326
20045,1663,14689,16352
20046,91,966,1057
20047,470,4818,5288
20048,106,1096,1202
20050,219,2226,2445
20051,524,4669,5193
20052,674,6154,6828
20053,895,7617,8512
20054,370,3763,4133
20055,576,6177,6753
20056,115,1380,1495
20057,1166,10548,11714
20058,123,1113,1236
20059,125,1518,1643
20060,90,1006,1096
20061,586,6519,7105
20062,138,1328,1466
20063,274,2381,2655
20064,192,1780,1972
20065,2397,18635,21032
20066,2177,17370,19547
20068,207,1897,2104
20070,672,6515,7187
20071,1536,12879,14415
20072,534,4806,5340
20073,167,1748,1915
21001,203,1466,1669
21002,138,899,1037
21003,54,349,403
21004,1803,13014,14817
21005,101,700,801
21006,408,3125,3533
21007,254,1507,1761
21008,11749,96011,107760
21009,77,597,674
21010,274,2014,2288
21011,2952,19818,22770
21012,361,2413,2774
21013,2048,15002,17050
21014,40,355,395
21015,1009,7030,8039
21016,340,2344,2684
21017,703,4878,5581
21018,284,2037,2321
21019,841,6046,6887
21020,216,1344,1560
21021,373,2566,2939
21022,684,4513,5197
21023,435,3051,3486
21024,238,1960,2198
21025,74,574,648
21026,176,1192,1368
21027,299,2032,2331
21028,410,2928,3338
21029,661,4823,5484
21030,420,2520,2940
21031,477,3132,3609
21032,157,854,1011
21033,357,2221,2578
21034,386,2863,3249
21035,220,1600,1820
21036,115,783,898
21037,661,4594,5255
21038,616,4410,5026
21039,357,2399,2756
21040,2173,16031,18204
21041,1631,10807,12438
21042,566,3500,4066
21043,34,308,342
21044,211,1338,1549
21045,166,1109,1275
21046,694,4513,5207
21047,459,2664,3123
21048,330,2466,2796
21049,97,738,835
21050,240,1463,1703
21051,4686,36299,40985
21052,349,2573,2922
21053,227,1480,1707
21054,303,1750,2053
21055,268,1747,2015
21056,724,5235,5959
21057,511,2790,3301
21058,229,1788,2017
21059,498,3483,3981
21060,503,3385,3888
21061,550,4299,4849
21062,468,3378,3846
21063,251,1418,1669
21064,99,647,746
21065,22,174,196
21066,243,1692,1935
21067,499,3190,3689
21068,41,506,547
21069,33,221,254
21070,613,3927,4540
21071,352,2589,2941
21072,1031,6985,8016
21073,169,1242,1411
21074,466,2684,3150
21075,170,1106,1276
21076,561,3237,3798
21077,413,2997,3410
21079,388,2752,3140
21080,477,3079,3556
21081,476,3383,3859
21082,219,1572,1791
21083,450,2768,3218
21084,148,1389,1537
21085,253,1770,2023
21086,950,6220,7170
21087,363,2589,2952
21088,168,1260,1428
21089,276,2282,2558
21091,163,1078,1241
21092,180,1669,1849
21093,801,5404,6205
21094,227,1585,1812
21095,138,1015,1153
21096,238,1563,1801
21097,590,4000,4590
21098,458,2996,3454
21099,230,1771,2001
21100,123,893,1016
21101,274,2140,2414
21102,158,902,1060
21103,124,825,949
21104,417,2487,2904
21105,154,929,1083
21106,431,2712,3143
21107,440,2649,3089
21108,802,5171,5973
21109,355,1970,2325
21110,449,2866,3315
21111,688,4122,4810
21112,148,847,995
21113,201,1386,1587
21114,210,1673,1883
21115,848,6236,7084
21116,493,2502,2995
21117,206,1186,1392
21118,108,678,786
22001,991,7746,8737
22002,179,1332,1511
22003,338,2874,3212
22005,134,999,1133
22006,1993,15830,17823
22007,464,3606,4070
22009,560,4520,5080
22011,152,1323,1475
22013,381,2383,2764
22015,53,397,450
22017,162,1364,1526
22018,34,363,397
22021,62,580,642
22022,711,6282,6993
22025,467,3564,4031
22026,23,230,253
22029,63,621,684
22032,155,1232,1387
22033,133,970,1103
22034,490,3408,3898
22035,274,1744,2018
22036,56,664,720
22037,174,1333,1507
22038,143,1324,1467
22039,202,1682,1884
22040,49,535,584
22042,100,853,953
22043,71,449,520
22045,17,205,222
22047,245,2080,2325
22048,77,1105,1182
22049,114,961,1075
22050,432,3692,4124
22051,126,1002,1128
22052,63,483,546
22053,271,2738,3009
22054,17,216,233
22058,85,625,710
22059,31,321,352
22060,23,284,307
22061,481,3553,4034
22062,789,6348,7137
22064,98,917,1015
22068,58,628,686
22071,48,379,427
22074,114,1085,1199
22078,52,524,576
22079,699,4402,5101
22081,76,836,912
22083,118,944,1062
22085,56,427,483
22087,244,2917,3161
22089,151,1172,1323
22090,27,321,348
22091,35,361,396
22092,318,2244,2562
22093,89,657,746
22095,165,1928,2093
22097,131,1047,1178
22098,360,2397,2757
22102,95,1096,1191
22103,1105,7981,9086
22104,884,7202,8086
22106,73,722,795
22108,115,752,867
22109,34,231,265
22110,236,1999,2235
22112,11,136,147
22113,72,524,596
22114,77,802,879
22115,176,1440,1616
22116,677,4878,5555
22117,868,6480,7348
22118,228,2378,2606
22120,97,1016,1113
22123,1093,8937,10030
22124,274,2563,2837
22127,256,1837,2093
22128,141,1196,1337
22129,153,949,1102
22130,78,710,788
22131,70,769,839
22133,10,161,171
22134,77,760,837
22135,123,871,994
22136,169,1664,1833
22137,86,701,787
22138,43,346,389
22139,2537,19123,21660
22142,54,593,647
22143,275,2794,3069
22144,288,2144,2432
22147,396,4114,4510
22150,116,1222,1338
22153,1989,15913,17902
22155,130,1260,1390
22156,333,2543,2876
22157,57,420,477
22159,49,390,439
22160,171,1470,1641
22161,4380,35725,40105
22162,25,394,419
22163,86,725,811
22164,17,161,178
22165,49,506,555
22167,499,3459,3958
22168,122,987,1109
22169,106,796,902
22170,90,705,795
22171,152,1228,1380
22172,114,1302,1416
22173,42,325,367
22176,65,630,695
22177,60,730,790
22179,122,1126,1248
22180,144,1109,1253
22181,74,630,704
22182,137,1040,1177
22183,504,4052,4556
22184,62,542,604
22188,187,1728,1915
22189,59,535,594
22190,93,970,1063
22191,247,1761,2008
22193,40,664,704
22195,83,579,662
22196,329,2600,2929
22199,459,3202,3661
22200,139,1188,1327
22202,46,638,684
22203,179,1300,1479
22205,12579,107912,120491
22209,29,434,463
22210,121,1256,1377
22213,179,1637,1816
22216,31,152,183
22222,448,3360,3808
22224,302,2729,3031
22226,183,1591,1774
22228,347,2541,2888
22229,520,4777,5297
22230,847,5980,6827
22231,158,1419,1577
22232,97,1067,1164
22233,204,1867,2071
22234,149,1279,1428
22235,163,1458,1621
22236,596,4541,5137
22237,79,469,548
22238,209,1772,1981
22239,75,640,715
22240,306,2983,3289
22241,269,2014,2283
22242,133,1265,1398
22243,336,2576,2912
22244,206,1562,1768
22245,503,4741,5244
22246,338,2572,2910
22247,156,1240,1396
22248,575,4598,5173
22249,432,4322,4754
22250,432,3158,3590
22251,349,2711,3060
22252,293,2205,2498
22253,384,3221,3605
22254,286,2300,2586
23001,249,2111,2360
23002,533,4676,5209
23003,282,2100,2382
23004,756,5530,6286
23005,313,2267,2580
23006,667,6519,7186
23007,388,2831,3219
23008,193,1559,1752
23009,220,1741,1961
23010,123,1239,1362
23011,369,3169,3538
23012,1781,14226,16007
23013,121,1202,1323
23014,220,2247,2467
23015,2289,18309,20598
23016,782,6174,6956
23017,923,6885,7808
23018,844,7662,8506
23019,512,5001,5513
23020,330,3300,3630
23021,1294,10636,11930
23022,1514,11729,13243
23023,715,5286,6001
23024,151,1357,1508
23025,1709,14931,16640
23026,263,2297,2560
23027,929,7494,8423
23028,1042,7612,8654
23029,136,946,1082
23030,400,3449,3849
23031,275,2179,2454
23032,248,1652,1900
23033,71,692,763
23034,6,246,252
23035,394,3697,4091
23036,421,3711,4132
23037,531,4706,5237
23038,1142,9582,10724
23039,547,4583,5130
23040,1201,10262,11463
23041,386,2819,3205
23042,982,7579,8561
23043,628,6314,6942
23044,2407,22799,25206
23045,344,3272,3616
23046,306,2818,3124
23047,292,2272,2564
23048,450,4069,4519
23049,462,3791,4253
23050,1178,7753,8931
23051,1067,6862,7929
23052,1533,15136,16669
23053,888,7443,8331
23054,461,3332,3793
23055,1306,8864,10170
23056,119,1096,1215
23057,347,2771,3118
23058,1989,15272,17261
23059,1139,9717,10856
23060,776,6515,7291
23061,277,2225,2502
23062,215,1971,2186
23063,438,3315,3753
23064,622,5276,5898
23065,287,2277,2564
23066,200,1388,1588
23067,225,1860,2085
23068,425,3324,3749
23069,2467,18213,20680
23070,535,4354,4889
23071,2744,22300,25044
23072,451,3618,4069
23073,1977,13821,15798
23074,67,509,576
23075,346,2667,3013
23076,1161,11552,12713
23077,1358,10641,11999
23078,275,2267,2542
23079,129,1317,1446
23080,76,814,890
23081,794,6288,7082
23082,1537,13099,14636
23083,1891,15707,17598
23084,288,2650,2938
23085,233,1894,2127
23086,266,2739,3005
23087,570,4325,4895
23088,357,2364,2721
23089,1953,13664,15617
23090,80,687,767
23091,24376,233462,257838
23092,730,4357,5087
23093,265,2277,2542
23094,1287,8910,10197
23095,639,5120,5759
23096,3514,29877,33391
23097,1742,13333,15075
23098,562,4237,4799
24001,168,1230,1398
24002,184,1791,1975
24003,167,1413,1580
24004,1260,10550,11810
24005,246,1898,2144
24006,734,6974,7708
24007,275,2775,3050
24008,2651,22415,25066
24009,585,5786,6371
24010,97,768,865
24012,3999,38169,42168
24013,676,5708,6384
24014,867,7592,8459
24015,655,5887,6542
24016,347,2854,3201
24017,483,3515,3998
24018,1112,10168,11280
24019,275,2254,2529
24020,129,1173,1302
24021,1381,9784,11165
24022,158,1511,1669
24024,345,3190,3535
24025,353,3372,3725
24026,1706,13226,14932
24027,275,2578,2853
24028,652,5441,6093
24029,1359,11143,12502
24030,226,2280,2506
24032,259,2882,3141
24034,1207,10559,11766
24035,897,6762,7659
24036,1138,10122,11260
24037,133,1144,1277
24038,1397,12452,13849
24039,102,1459,1561
24040,352,3272,3624
24041,62,603,665
24042,178,2186,2364
24043,408,2955,3363
24044,93,745,838
24046,460,3789,4249
24047,425,3320,3745
24048,1118,9079,10197
24049,13,114,127
24050,9,175,184
24051,511,5037,5548
24052,1778,13847,15625
24053,308,3302,3610
24055,1635,13014,14649
24056,951,8470,9421
24057,1375,12753,14128
24060,701,5671,6372
24061,2326,20476,22802
24062,496,4437,4933
24063,298,2486,2784
24064,352,3027,3379
24065,193,1615,1808
24066,296,2577,2873
24067,820,7986,8806
24068,315,2727,3042
24070,804,6787,7591
24071,340,2736,3076
24072,182,1052,1234
24073,401,4497,4898
24074,886,8053,8939
24075,267,2760,3027
24076,54,651,705
24077,225,1944,2169
24078,840,7336,8176
24079,423,3854,4277
24080,33,527,560
24081,287,2806,3093
24082,266,2534,2800
24083,614,5194,5808
24084,477,5697,6174
24085,414,3824,4238
24086,1422,12792,14214
24087,1689,12877,14566
24088,954,7204,8158
24089,75,577,652
24090,102,923,1025
24091,836,7359,8195
24094,199,1366,1565
24095,511,5064,5575
24096,333,3285,3618
24097,564,4759,5323
24098,877,5775,6652
24099,258,2363,2621
24100,3814,34961,38775
24101,175,1631,1806
24102,425,3757,4182
24103,847,6624,7471
24104,1533,11193,12726
24105,2646,21056,23702
24106,44,468,512
24107,514,5327,5841
24108,1196,10482,11678
24110,919,7731,8650
24111,2306,23013,25319
24112,110,1111,1221
24113,256,2774,3030
24115,193,2045,2238
24116,10120,99170,109290
24117,186,1737,1923
24118,655,5446,6101
24119,695,5928,6623
24120,143,1197,1340
24121,82,712,794
24122,702,6131,6833
24123,317,2715,3032
24124,645,5638,6283
24125,427,4537,4964
24126,562,5424,5986
24127,370,4301,4671
25001,357,3714,4071
25002,267,2414,2681
25003,109,1042,1151
25004,156,2046,2202
25005,234,2931,3165
25006,3050,32455,35505
25007,71,772,843
25008,157,1758,1915
25010,90,1149,1239
25011,338,3544,3882
25012,94,1186,1280
25013,24,341,365
25014,24,333,357
25015,178,1908,2086
25016,396,5252,5648
25017,38,408,446
25018,173,2067,2240
25019,138,1693,1831
25021,1845,18492,20337
25022,267,2826,3093
25023,84,1005,1089
25025,25,520,545
25026,201,2514,2715
25027,80,995,1075
25029,577,4754,5331
25030,125,1168,1293
25032,54,506,560
25033,86,1199,1285
25035,18,246,264
25036,364,3986,4350
25037,35,332,367
25039,304,3418,3722
25040,729,7230,7959
25043,50,566,616
25044,88,1096,1184
25045,120,1477,1597
25046,33,344,377
25047,138,1442,1580
25048,609,6055,6664
25049,44,578,622
25050,193,2226,2419
25051,206,1753,1959
25053,1088,9129,10217
25054,38,451,489
25055,210,2206,2416
25056,276,2798,3074
25057,16,347,363
25058,97,1229,1326
25059,171,1557,1728
25060,87,1211,1298
25062,43,429,472
25063,143,1711,1854
25065,103,1265,1368
25066,73,752,825
25067,55,776,831
25069,6,187,193
25070,302,2777,3079
25071,364,4775,5139
25072,576,6151,6727
25073,190,2693,2883
25074,1226,12181,13407
26001,855,6101,6956
26002,528,3972,4500
26003,987,7990,8977
26004,645,5245,5890
26005,801,6889,7690
26006,865,6951,7816
26007,453,4236,4689
26008,1182,10102,11284
26009,1472,11440,12912
26010,1184,10090,11274
26011,287,2002,2289
26012,3227,30246,33473
26013,847,6279,7126
26014,288,2554,2842
26015,504,3325,3829
26016,394,3170,3564
26017,358,2981,3339
26018,246,2354,2600
26019,576,4702,5278
26020,502,4563,5065
26021,3109,31572,34681
26022,626,6257,6883
26023,681,5544,6225
26025,708,5361,6069
26026,952,7558,8510
26027,325,3258,3583
26028,583,5070,5653
26029,716,5237,5953
26030,248,2568,2816
26031,552,5331,5883
26032,588,4575,5163
26033,580,5367,5947
26034,411,3654,4065
26035,1055,8074,9129
26036,1152,8020,9172
26037,621,4262,4883
26038,1035,8540,9575
26039,584,4526,5110
26040,965,8232,9197
26041,325,2577,2902
26042,272,2845,3117
26043,2501,25074,27575
26044,529,3907,4436
26045,107,1208,1315
26046,3283,28095,31378
26047,541,3890,4431
26048,322,2453,2775
26049,1077,9618,10695
26050,581,5951,6532
26051,2075,18091,20166
26052,493,3924,4417
26053,373,3474,3847
26055,2409,19285,21694
26056,737,6552,7289
26057,1265,10538,11803
26058,938,7341,8279
26059,1476,11504,12980
26060,74,663,737
26061,224,1958,2182
26062,600,4485,5085
26063,1603,15410,17013
26064,1034,8868,9902
26065,153,1567,1720
26066,1138,8124,9262
26067,189,1907,2096
26068,1213,9655,10868
26069,1510,13156,14666
26070,724,5875,6599
26071,1297,11459,12756
26072,737,6150,6887
26073,424,4712,5136
26074,503,4367,4870
26075,1024,8001,9025
26076,991,8896,9887
26077,905,6355,7260
26078,240,2742,2982
26079,171,1670,1841
26080,687,5462,6149
26081,940,9134,10074
26082,1369,10804,12173
26083,1177,10488,11665
26084,370,3876,4246
26085,1236,9477,10713
26086,7812,77118,84930
26087,998,9163,10161
26088,691,6141,6832
26089,1909,14573,16482
26090,391,3260,3651
26091,1488,16050,17538
26092,2345,25009,27354
26093,1111,9049,10160
26094,163,1532,1695
26095,1431,10005,11436
26096,697,5819,6516
27001,397,3393,3790
27002,726,6445,7171
27003,1150,9567,10717
27004,1362,11796,13158
27005,933,10450,11383
27006,972,12167,13139
27007,637,5466,6103
27008,3951,44179,48130
27009,292,2869,3161
27010,221,2663,2884
27011,930,9322,10252
27012,1416,13630,15046
27013,1071,11073,12144
27014,972,7434,8406
27015,428,3738,4166
27016,537,5296,5833
27017,782,6241,7023
27018,263,2513,2776
27019,2289,23856,26145
27020,1940,15493,17433
27021,2062,19339,21401
27022,586,5671,6257
27023,3411,34563,37974
27024,2443,24842,27285
27025,1143,10153,11296
27026,1558,14595,16153
27027,774,6216,6990
27028,1332,10953,12285
27029,2117,22348,24465
27030,540,4133,4673
27031,817,7186,8003
27032,1221,11671,12892
27033,4103,38028,42131
27034,900,10850,11750
27035,1868,15736,17604
27036,1297,11508,12805
27037,1936,17066,19002
27038,2668,24778,27446
27039,690,6899,7589
27040,225,2025,2250
27041,512,4292,4804
27042,21927,233682,255609
27043,1014,8959,9973
27044,1193,12252,13445
28001,1770,18098,19868
28002,308,2902,3210
28003,3099,22832,25931
28004,319,3893,4212
28005,168,1655,1823
28006,193,1930,2123
28007,516,4308,4824
28008,286,3075,3361
28009,254,2849,3103
28010,41,577,618
28011,311,3519,3830
28012,196,2213,2409
28013,1024,7860,8884
28014,348,3128,3476
28015,748,6367,7115
28016,1558,14484,16042
28017,1736,13028,14764
28018,258,2330,2588
28019,1299,10520,11819
28020,594,5034,5628
28021,199,2058,2257
28022,121,1388,1509
28023,796,6652,7448
28026,434,4136,4570
28027,529,4175,4704
28028,439,4935,5374
28029,123,1321,1444
28030,562,5117,5679
28031,172,1789,1961
28032,2006,18012,20018
28033,659,5741,6400
28034,972,8986,9958
28035,411,4677,5088
28036,726,6411,7137
28037,1276,14731,16007
28038,867,7076,7943
28039,721,6359,7080
28040,370,3979,4349
28041,513,3754,4267
28042,530,3989,4519
28043,219,1757,1976
28044,1043,8186,9229
28045,771,7099,7870
28046,988,6615,7603
28047,245,2755,3000
28048,906,8295,9201
28049,187,1550,1737
28050,741,5326,6067
28052,150,1667,1817
28053,177,2354,2531
28054,1360,10061,11421
28055,1494,15869,17363
28056,791,8088,8879
28057,978,10445,11423
28058,1209,10293,11502
28059,510,5080,5590
28060,18470,189836,208306
28061,364,3411,3775
28062,94,1147,1241
28063,1105,9939,11044
28064,1077,8356,9433
28065,2028,17857,19885
28066,409,2977,3386
28067,232,2148,2380
28068,343,3343,3686
28069,1192,12271,13463
28070,292,3220,3512
28071,590,4289,4879
28072,1787,14806,16593
28073,492,4422,4914
28075,1181,8932,10113
28076,775,5594,6369
28077,1478,11616,13094
28078,410,3928,4338
28079,322,2726,3048
28080,785,6353,7138
28082,702,6555,7257
28083,301,2249,2550
28084,153,1778,1931
28085,1088,9359,10447
28086,2211,20750,22961
28087,603,6222,6825
28088,373,3720,4093
28089,795,8180,8975
28090,285,2415,2700
28091,877,7423,8300
28092,536,5630,6166
28093,1423,11460,12883
28094,394,3882,4276
28095,197,1873,2070
28096,587,4157,4744
28097,173,1582,1755
28098,90,818,908
28099,1202,11858,13060
28100,2372,20568,22940
28101,608,4860,5468
28102,162,1963,2125
28103,1174,9360,10534
28104,712,5473,6185
28105,307,2970,3277
28106,827,8116,8943
28107,714,6287,7001
29001,1511,17350,18861
29002,282,3865,4147
29003,215,2425,2640
29004,866,9129,9995
29005,105,1095,1200
29006,209,2254,2463
29007,135,1312,1447
29008,55,626,681
29009,198,2426,2624
29010,84,785,869
29011,154,1348,1502
29012,380,3592,3972
29013,267,2361,2628
29014,135,1436,1571
29015,274,3193,3467
29017,184,2031,2215
29018,210,2247,2457
29019,125,1622,1747
29021,122,2055,2177
29022,317,3568,3885
29023,102,1274,1376
29024,205,2322,2527
29025,82,908,990
29026,100,1369,1469
29027,175,1880,2055
29028,92,1012,1104
29029,1019,10465,11484
29030,231,3068,3299
29031,287,3078,3365
29032,126,1583,1709
29033,1165,10784,11949
29034,80,1333,1413
29035,110,1406,1516
29036,86,1014,1100
29037,288,3437,3725
29038,261,1936,2197
29039,704,8580,9284
29040,509,5748,6257
29041,4094,45750,49844
29042,88,996,1084
29043,96,964,1060
29044,323,3462,3785
29045,289,2883,3172
29046,673,7326,7999
29047,199,2384,2583
29048,376,4492,4868
29049,106,1032,1138
29050,161,1800,1961
29051,81,771,852
29052,1109,12830,13939
30001,167,2014,2181
30002,84,763,847
30003,61,881,942
30004,226,2973,3199
30005,151,1894,2045
30006,223,2582,2805
30007,123,1581,1704
30008,304,3176,3480
30009,559,4691,5250
30010,211,2159,2370
30011,158,1646,1804
30012,40,671,711
30013,519,5885,6404
30014,319,3571,3890
30015,140,1443,1583
30016,789,6972,7761
30018,218,2540,2758
30019,260,2614,2874
30020,329,3379,3708
30021,84,874,958
30022,53,599,652
30023,1253,12270,13523
30024,69,598,667
30025,30,584,614
30026,894,10097,10991
30027,1691,14378,16069
30028,221,1989,2210
30029,26,427,453
30030,269,2871,3140
30031,170,1921,2091
30032,188,2111,2299
30033,10,146,156
30034,1,99,100
30035,89,1211,1300
30036,224,2599,2823
30037,498,5570,6068
30039,89,1003,1092
30040,33,501,534
30041,53,855,908
30042,39,512,551
30043,943,9791,10734
30044,379,4243,4622
30045,12,295,307
30046,1201,12078,13279
30047,50,630,680
30048,292,3390,3682
30049,571,6194,6765
30051,25,576,601
30052,222,2085,2307
30053,519,5327,5846
30054,97,815,912
30055,502,5697,6199
30056,119,1618,1737
30057,708,6188,6896
30058,221,2325,2546
30059,119,1529,1648
30060,152,1482,1634
30061,33,463,496
30062,431,4371,4802
30063,232,2227,2459
30064,182,2215,2397
30065,214,2382,2596
30066,238,2591,2829
30067,100,1704,1804
30068,508,4628,5136
30069,208,2661,2869
30070,519,4793,5312
30071,158,1870,2028
30072,813,8489,9302
30073,187,2224,2411
30074,471,5060,5531
30075,177,2234,2411
30076,98,1249,1347
30077,182,2317,2499
30078,489,4924,5413
30079,676,6236,6912
30080,377,3188,3565
30081,76,798,874
30082,104,1333,1437
30083,339,3690,4029
30084,23,240,263
30085,47,686,733
30086,64,785,849
30087,213,2606,2819
30088,26,471,497
30089,27,421,448
30090,404,4415,4819
30091,661,5486,6147
30092,55,881,936
30093,23,252,275
30094,16,369,385
30095,179,2193,2372
30097,162,1819,1981
30098,241,2595,2836
30099,658,7331,7989
30100,669,6706,7375
30101,562,5468,6030
30102,72,978,1050
30103,166,1940,2106
30104,203,2109,2312
30105,85,1135,1220
30106,186,1517,1703
30107,38,356,394
30108,12,339,351
30109,370,3343,3713
30110,63,802,865
30111,13,303,316
30112,120,1120,1240
30113,23,528,551
30114,324,3571,3895
30116,786,8091,8877
30117,281,3832,4113
30118,1465,13353,14818
30120,269,2508,2777
30121,818,9233,10051
30122,158,1906,2064
30123,189,2497,2686
30124,181,1954,2135
30126,133,1557,1690
30127,711,6850,7561
30128,142,1458,1600
30129,8923,90813,99736
30130,196,2479,2675
30131,124,1817,1941
30132,56,784,840
30133,182,2006,2188
30135,93,721,814
30136,40,521,561
30137,121,1601,1722
30138,76,1069,1145
30188,522,5671,6193
30189,128,1189,1317
30190,589,5777,6366
30191,57,650,707
31001,143,1484,1627
31002,582,6518,7100
31003,92,1260,1352
31004,19,304,323
31005,125,1530,1655
31006,260,2686,2946
31007,2884,30595,33479
31008,539,5807,6346
31009,520,7451,7971
31010,110,1363,1473
31011,95,869,964
31012,3068,25025,28093
31013,59,636,695
31014,134,1395,1529
31015,316,3347,3663
31016,1038,10717,11755
31017,148,1992,2140
31018,542,5538,6080
31019,60,686,746
31020,121,1391,1512
31021,197,1797,1994
31022,137,1518,1655
31023,710,6568,7278
31024,215,2590,2805
31025,135,1493,1628
32001,588,7650,8238
32002,77,781,858
32003,1001,11898,12899
32004,502,5209,5711
32005,171,1820,1991
32006,16792,182981,199773
33001,176,1802,1978
33002,479,4161,4640
33003,85,858,943
33004,167,2463,2630
33005,224,3314,3538
33006,845,7158,8003
33007,614,5278,5892
33008,220,2192,2412
33010,498,4235,4733
33011,776,6769,7545
33012,385,4198,4583
33013,1479,12230,13709
33014,488,4763,5251
33015,4,115,119
33016,41,816,857
33017,22,532,554
33018,493,4106,4599
33019,37,1052,1089
33020,46,1104,1150
33021,1478,13301,14779
33022,156,1971,2127
33023,576,5109,5685
33024,521,3980,4501
33025,142,2028,2170
33026,313,3558,3871
33027,498,4620,5118
33028,42,885,927
33030,9,463,472
33032,10667,92627,103294
33033,179,1990,2169
33034,34,558,592
33035,924,8117,9041
33036,362,4255,4617
33037,715,5790,6505
33038,667,6324,6991
33039,1398,10774,12172
33040,533,5079,5612
33041,54,753,807
33042,332,2574,2906
33043,139,1989,2128
33044,134,1881,2015
33045,412,3797,4209
33046,128,1547,1675
33047,1,68,69
33048,187,2259,2446
33049,179,2773,2952
34001,168,1939,2107
34002,121,1956,2077
34003,233,2981,3214
34004,139,1876,2015
34005,18,665,683
34006,552,6231,6783
34007,725,6127,6852
34008,213,1847,2060
34009,1657,12934,14591
34010,1040,7997,9037
34011,93,986,1079
34012,120,1656,1776
34013,962,8209,9171
34014,3034,23859,26893
34015,739,6270,7009
34016,596,4947,5543
34017,618,5281,5899
34018,1227,9370,10597
34019,568,4480,5048
34020,1184,9645,10829
34022,34,807,841
34023,1172,9926,11098
34024,331,3161,3492
34025,1472,11604,13076
34026,65,1005,1070
34027,20492,179726,200218
34028,74,892,966
34030,276,2591,2867
34031,602,5129,5731
34032,1867,17650,19517
34033,674,5092,5766
34035,155,1569,1724
34036,499,4292,4791
34038,95,1079,1174
34039,211,1918,2129
34040,26,869,895
34041,888,6782,7670
34042,991,8610,9601
34044,20,491,511
34045,270,2357,2627
34046,84,1080,1164
34049,820,6903,7723
34050,275,2855,3130
34051,1290,11270,12560
35001,832,7941,8773
35002,1112,8525,9637
35003,293,2919,3212
35004,1093,9011,10104
35005,588,4628,5216
35006,680,5002,5682
35008,1260,9438,10698
35009,607,4964,5571
35010,671,4639,5310
35011,329,3579,3908
35012,2176,16748,18924
35013,394,4098,4492
35014,1691,13625,15316
35015,882,7524,8406
35016,1013,9371,10384
35017,1058,8748,9806
35018,367,3323,3690
35020,2895,22138,25033
35021,812,5829,6641
35022,588,5118,5706
35023,604,5682,6286
35024,1546,13236,14782
35026,827,7750,8577
35027,1134,9318,10452
35028,1427,11906,13333
35029,764,6264,7028
35030,1315,11844,13159
35032,1000,8051,9051
35033,18306,151497,169803
35034,643,5337,5980
35035,484,3533,4017
35036,1619,13225,14844
35037,909,7254,8163
35038,702,5509,6211
35039,1228,9872,11100
35040,2807,22958,25765
35041,394,3789,4183
35042,155,1653,1808
35043,439,3906,4345
35044,309,3012,3321
35045,267,3328,3595
35046,274,3763,4037
36001,457,3699,4156
36002,1174,8853,10027
36003,906,7669,8575
36004,377,2819,3196
36005,7452,65117,72569
36006,3703,29060,32763
36007,1693,13353,15046
36008,1264,9945,11209
36009,681,6322,7003
36010,746,7384,8130
36011,230,2740,2970
36012,1571,13491,15062
36013,1875,15106,16981
36014,97,1096,1193
36015,3767,30580,34347
36016,119,1702,1821
36017,372,3641,4013
36018,204,2457,2661
36019,1866,15493,17359
36020,653,4645,5298
36021,660,5657,6317
36022,2435,21644,24079
36023,19305,168672,187977
36024,81,830,911
36025,164,1948,2112
36026,269,2967,3236
36027,1716,14261,15977
36028,891,8989,9880
36029,138,1943,2081
36030,1900,16124,18024
36031,192,2080,2272
36032,127,1462,1589
36033,355,3381,3736
36034,694,5500,6194
36035,51,624,675
36036,715,5802,6517
36037,1143,9597,10740
36038,300,3125,3425
36039,688,5295,5983
36040,4119,36100,40219
36041,964,8302,9266
36042,794,7642,8436
36043,156,2285,2441
36044,1505,13863,15368
36045,1471,11266,12737
36046,3030,22489,25519
36047,440,4142,4582
37001,1314,11033,12347
37002,899,8825,9724
37003,757,6372,7129
37005,620,5113,5733
37006,36775,357688,394463
37007,332,2904,3236
37008,1897,16209,18106
37009,1318,12086,13404
37010,114,1717,1831
37011,3484,32472,35956
37012,324,3054,3378
37013,109,1759,1868
37014,93,1092,1185
37015,250,3099,3349
37016,528,3985,4513
37017,700,5876,6576
37019,1869,16660,18529
37020,1958,18810,20768
37021,1734,14067,15801
37022,407,5055,5462
37024,1520,12173,13693
37025,676,5919,6595
37026,196,1764,1960
37027,444,4345,4789
37028,585,4940,5525
37030,1358,11064,12422
37031,344,3543,3887
37032,7018,63374,70392
37033,164,2020,2184
37034,397,3960,4357
37035,916,8178,9094
37036,615,6151,6766
37037,1779,14725,16504
37038,894,8115,9009
37039,1651,14059,15710
37040,287,3435,3722
37041,563,5619,6182
37042,879,9857,10736
37044,568,5790,6358
37045,495,4154,4649
37046,1483,12561,14044
37047,1585,15918,17503
37048,737,6345,7082
37050,930,7548,8478
37051,332,3924,4256
37052,1008,8139,9147
37053,2893,25109,28002
37054,3069,29547,32616
37055,1421,11287,12708
37056,819,6597,7416
37057,1331,13460,14791
37059,760,6924,7684
37060,1941,17212,19153
37061,3472,28362,31834
37062,619,6314,6933
38001,1818,18962,20780
38003,1171,12808,13979
38004,3782,31514,35296
38005,768,10630,11398
38006,1506,20203,21709
38007,983,14767,15750
38008,10564,121724,132288
38010,176,2505,2681
38011,397,4322,4719
38012,200,2105,2305
38014,477,6136,6613
38017,358,5354,5712
38018,1019,8663,9682
38019,992,10438,11430
38022,737,6871,7608
38023,278,3355,3633
38025,302,3307,3609
38027,543,7903,8446
38028,979,8805,9784
38029,492,7142,7634
38030,541,6370,6911
39001,1012,10555,11567
39002,1499,15003,16502
39003,295,2123,2418
39004,624,6613,7237
39005,207,2297,2504
39006,1015,8504,9519
39007,2288,26233,28521
39008,1062,8581,9643
39009,757,6566,7323
39010,6029,52306,58335
39011,795,7322,8117
39012,2943,28785,31728
39013,1188,9190,10378
39014,14293,143129,157422
39015,564,5070,5634
39016,1207,10869,12076
39017,323,2582,2905
39018,444,4036,4480
40001,467,5203,5670
40003,1181,9810,10991
40004,322,2564,2886
40005,591,5668,6259
40007,9030,88224,97254
40008,2466,23618,26084
40009,396,3271,3667
40011,138,1441,1579
40012,11478,106001,117479
40013,1394,11762,13156
40014,267,2111,2378
40015,1145,9529,10674
40016,1124,8246,9370
40018,832,6373,7205
40019,1050,8853,9903
40020,729,6131,6860
40022,374,3986,4360
40028,147,1574,1721
40031,66,679,745
40032,563,5572,6135
40033,33,684,717
40036,117,1646,1763
40037,341,3049,3390
40041,1355,10723,12078
40043,395,3670,4065
40044,264,3065,3329
40045,1945,15858,17803
40046,345,2780,3125
40049,83,1062,1145
40050,152,1613,1765
41001,438,3856,4294
41002,130,1626,1756
41005,92,647,739
41006,40,498,538
41007,678,7514,8192
41008,127,1919,2046
41009,159,1453,1612
41010,857,7051,7908
41013,5706,54399,60105
41014,908,7424,8332
41015,839,8350,9189
41016,64,818,882
41017,38,250,288
41018,89,1146,1235
41019,494,5157,5651
41020,582,4340,4922
41021,41,512,553
41022,164,1283,1447
41023,189,1757,1946
41025,114,1200,1314
41026,92,904,996
41027,175,1881,2056
41028,315,3394,3709
41029,1437,12886,14323
41030,331,2407,2738
41031,49,589,638
99030,95,971,1066
41034,226,2273,2499
41035,85,988,1073
41036,834,6153,6987
41038,286,2498,2784
41041,57,602,659
41043,467,5478,5945
41044,8594,87644,96238
41045,330,2436,2766
41047,266,1815,2081
41048,43,559,602
41049,162,1671,1833
41051,478,4117,4595
41054,277,2934,3211
41057,396,3553,3949
41058,156,1322,1478
99031,137,1212,1349
41061,53,891,944
41064,77,774,851
41065,922,7031,7953
41066,734,6201,6935
41067,1136,12667,13803
41068,1761,13115,14876
41069,1483,10683,12166
41070,456,4743,5199
41071,527,4361,4888
42001,455,4315,4770
42002,8978,90130,99108
42003,295,4050,4345
42004,106,1189,1295
42005,222,1934,2156
42006,732,6527,7259
42007,286,2231,2517
42008,589,4379,4968
42010,1958,16359,18317
42011,123,1450,1573
42012,377,3081,3458
42013,295,3195,3490
42014,1376,13181,14557
42015,451,4415,4866
42016,392,4066,4458
42017,2770,27112,29882
42018,2182,23553,25735
42019,899,8198,9097
42020,122,1567,1689
42021,3730,35572,39302
42022,1264,11645,12909
42023,596,5604,6200
42024,76,907,983
42025,340,2978,3318
42026,171,1695,1866
42027,892,8890,9782
42029,378,2692,3070
42030,662,6161,6823
42031,168,1663,1831
42032,263,3506,3769
42033,227,1834,2061
42034,3888,30833,34721
42035,686,5791,6477
42036,261,2897,3158
42037,65,579,644
42038,547,4063,4610
42040,193,1692,1885
42041,192,1795,1987
42042,81,834,915
42043,388,3714,4102
42044,600,6327,6927
42045,3898,40285,44183
42046,411,3258,3669
42047,232,2396,2628
42048,409,3655,4064
42049,189,1939,2128
42050,822,6649,7471
43002,197,1902,2099
43003,387,3678,4065
43004,200,1602,1802
43005,17,137,154
43006,162,1519,1681
43007,474,5905,6379
43008,42,470,512
43009,370,4024,4394
43010,4,238,242
43011,39,401,440
43012,900,8889,9789
43013,4107,37882,41989
43014,127,1081,1208
43015,1622,13398,15020
43016,170,1755,1925
43017,38,606,644
43019,87,1196,1283
43020,50,479,529
43021,62,665,727
43022,166,2074,2240
43023,3882,36880,40762
43024,861,8540,9401
43025,423,4020,4443
43026,682,6291,6973
43027,4,101,105
43028,959,6407,7366
43029,334,3021,3355
43030,344,3077,3421
43031,832,6648,7480
43032,57,637,694
43033,1076,8841,9917
43034,83,765,848
43035,67,914,981
43036,195,1674,1869
43038,110,1207,1317
43039,76,925,1001
43040,10,216,226
43041,648,5793,6441
43042,1246,10321,11567
43043,1508,14260,15768
43044,2063,18912,20975
43045,75,747,822
43046,234,2964,3198
43047,1107,11012,12119
43048,103,1203,1306
43049,274,2813,3087
43050,36,381,417
43051,77,831,908
43052,80,971,1051
43053,1700,16836,18536
43054,840,8359,9199
43055,182,2281,2463
43056,21,362,383
43057,65,933,998
43058,77,825,902
44001,181,2413,2594
44002,333,3362,3695
44005,145,1563,1708
44006,55,999,1054
44007,3657,43103,46760
44010,68,917,985
44011,986,7477,8463
44012,224,2428,2652
44013,202,2060,2262
44014,422,3264,3686
44015,300,2683,2983
44016,35,843,878
44017,504,4876,5380
44020,908,8096,9004
44021,78,1118,1196
44023,1576,14408,15984
44027,201,2124,2325
44029,152,1498,1650
44031,450,4049,4499
44032,133,1828,1961
44034,24,454,478
44036,143,1868,2011
44038,23,439,462
44044,40,514,554
44045,1505,11306,12811
44054,335,4454,4789
44056,4,160,164
44063,352,3737,4089
44064,183,1770,1953
44065,52,784,836
44066,4077,43408,47485
44071,731,6545,7276
44073,164,1784,1948
45001,984,9637,10621
45002,100,1679,1779
45003,4936,55749,60685
45004,55,924,979
45005,39,630,669
45006,166,2065,2231
45007,458,6952,7410
45008,365,4292,4657
45009,445,4374,4819
45010,5661,61225,66886
45011,864,9272,10136
45012,159,2123,2282
45013,189,1909,2098
45014,503,6525,7028
45015,152,1786,1938
45016,375,4253,4628
45017,43,952,995
46001,1806,13723,15529
46002,422,5329,5751
46003,849,8720,9569
46004,562,6315,6877
46005,2597,28924,31521
46006,148,1925,2073
46007,4561,40635,45196
46008,35,486,521
46009,520,5236,5756
46010,146,1587,1733
46011,445,4766,5211
46013,485,6559,7044
46014,43,518,561
46015,310,3305,3615
46017,8043,80779,88822
46018,1930,19581,21511
46019,105,1781,1886
46020,67,971,1038
46021,421,3972,4393
46022,229,3176,3405
46023,130,2084,2214
46024,1767,21125,22892
46025,182,2173,2355
46026,1009,7762,8771
46027,118,1256,1374
46028,1008,11650,12658
46030,203,2664,2867
46031,37,837,874
46033,5153,54991,60144
46034,145,1370,1515
46035,93,1173,1266
46036,38,685,723
46037,59,952,1011
47002,1962,16095,18057
47003,751,8058,8809
47005,690,6674,7364
47006,574,5748,6322
47007,254,2862,3116
47008,689,7069,7758
47009,2062,19096,21158
47010,1017,9831,10848
47011,1813,18107,19920
47012,1812,17496,19308
47013,757,8390,9147
47014,8277,82202,90479
47016,861,7971,8832
47017,2921,23727,26648
47018,98,1388,1486
47020,1142,10521,11663
47021,578,5040,5618
47022,450,4051,4501
47023,132,1865,1997
47024,476,7312,7788
48001,2236,23226,25462
48002,1097,9682,10779
48004,1792,16187,17979
48005,1915,16179,18094
48006,5162,41108,46270
48008,879,6975,7854
48010,1725,15554,17279
48011,1001,9743,10744
48012,1400,14290,15690
48013,509,4951,5460
48014,4518,43850,48368
48015,1271,12647,13918
48017,32413,327342,359755
48018,395,4111,4506
48019,2257,20585,22842
48020,439,4389,4828
48021,1164,12306,13470
48022,1280,13256,14536
48024,1959,17482,19441
48025,149,1692,1841
48026,237,2747,2984
48027,306,3223,3529
48028,1533,12830,14363
48030,1209,11991,13200
48031,80,1041,1121
48032,703,7001,7704
48033,1937,18499,20436
48035,1620,14973,16593
48036,881,7802,8683
48037,590,6586,7176
48038,1532,15217,16749
48039,87,996,1083
48041,4658,45934,50592
48043,4683,44105,48788
48044,2014,16512,18526
48046,461,4757,5218
48049,749,7245,7994
48050,1332,13193,14525
48052,2212,21285,23497
48053,1200,10903,12103
48054,1146,10875,12021
49001,300,2888,3188
49002,1014,11679,12693
49003,429,4207,4636
49004,356,3668,4024
49005,22,366,388
49006,812,7917,8729
49007,2565,25285,27850
49008,1623,14762,16385
49009,14130,141901,156031
49010,126,1959,2085
49011,131,1778,1909
49012,2462,30176,32638
49013,296,3318,3614
49014,1061,10854,11915
49017,2477,27607,30084
49018,543,6010,6553
49019,41,436,477
49020,252,2782,3034
49021,257,3100,3357
50001,1043,7468,8511
50002,505,5068,5573
50003,607,5752,6359
50004,1461,11162,12623
50005,722,5656,6378
50006,101,967,1068
50008,4739,39826,44565
50009,1379,11834,13213
50010,169,1701,1870
50011,206,1919,2125
50012,84,1253,1337
50014,312,3343,3655
50015,92,1083,1175
50016,91,1183,1274
50019,158,1538,1696
50020,241,1867,2108
50021,63,677,740
50022,1176,9846,11022
50023,45,584,629
50024,425,4124,4549
50025,421,4228,4649
50026,7550,81605,89155
50027,450,5063,5513
50028,1769,13748,15517
50029,3069,26174,29243
50030,146,1439,1585
50031,2715,28056,30771
50032,2756,24925,27681
50033,1815,12650,14465
50034,108,1519,1627
50035,1499,11744,13243
50036,427,4034,4461
50037,1093,10823,11916
50038,894,7686,8580
50039,711,9113,9824
50040,1119,11211,12330
50041,532,4863,5395
51001,479,5020,5499
51002,8941,88901,97842
51003,66,943,1009
51004,1069,10692,11761
51005,922,8884,9806
51006,498,4782,5280
51007,104,1271,1375
51008,222,2770,2992
51010,205,2372,2577
51011,193,1887,2080
51012,1261,11790,13051
51013,885,8578,9463
51014,57,821,878
51015,144,1767,1911
51016,820,7990,8810
51017,1839,19556,21395
51018,995,8261,9256
51020,551,5306,5857
51021,307,3160,3467
51022,347,3060,3407
51023,28,494,522
51024,136,1565,1701
51025,825,7843,8668
51026,2452,21381,23833
51027,85,762,847
51030,250,2784,3034
51031,563,5427,5990
51033,1538,15195,16733
51034,1350,13968,15318
51035,93,1137,1230
51037,583,5745,6328
51038,66,915,981
51039,1152,10968,12120
51040,1028,8819,9847
51041,402,5107,5509
51042,617,5876,6493
52001,482,5675,6157
52002,655,6182,6837
52003,304,2789,3093
52004,366,3385,3751
52005,269,2446,2715
52006,862,7929,8791
52007,150,2008,2158
52008,194,2339,2533
52009,523,6320,6843
52010,192,1610,1802
52011,685,7463,8148
52012,2270,19392,21662
52013,279,2336,2615
52015,1155,12410,13565
52016,1115,8863,9978
52017,1128,7860,8988
52018,134,1382,1516
52019,259,2163,2422
52020,362,3675,4037
52021,162,1867,2029
52022,2761,25920,28681
52023,117,1372,1489
52024,91,999,1090
52025,66,850,916
52026,516,4664,5180
52027,113,1458,1571
52028,677,6817,7494
52030,245,2399,2644
52031,428,4105,4533
52032,4654,49541,54195
52033,1200,11115,12315
52034,1002,8809,9811
52035,688,6374,7062
52036,88,1113,1201
52037,544,5160,5704
53001,355,3940,4295
53002,189,2140,2329
53003,314,3573,3887
53004,469,4339,4808
53005,84,1287,1371
53006,444,6667,7111
53007,197,2223,2420
53008,264,2766,3030
53009,1605,19518,21123
53010,725,7566,8291
53011,7403,74218,81621
53012,92,1259,1351
53013,242,3151,3393
53014,597,6629,7226
53015,691,7528,8219
53016,930,10919,11849
53017,102,1053,1155
53018,1135,13396,14531
53019,256,3442,3698
53020,58,887,945
53021,719,8115,8834
53022,161,2323,2484
53023,353,3962,4315
53024,341,3486,3827
53025,90,905,995
53026,183,2982,3165
53027,116,1159,1275
53028,65,925,990
54001,2691,25368,28059
54002,2271,19007,21278
54003,458,3793,4251
54004,427,4402,4829
54005,216,2148,2364
54006,434,3783,4217
54007,222,2793,3015
54008,281,2816,3097
54009,1444,13268,14712
54010,69,949,1018
54011,350,3027,3377
54012,683,6938,7621
54013,3664,34745,38409
54014,376,3021,3397
54015,2487,18723,21210
54016,64,1070,1134
54017,953,8377,9330
54018,5447,49809,55256
54019,285,2345,2630
54020,151,1638,1789
54021,387,3369,3756
54022,467,5274,5741
54023,1238,13186,14424
54024,2760,28578,31338
54025,50,536,586
54026,1464,13215,14679
54027,1819,16212,18031
54028,348,3297,3645
54029,128,1363,1491
54030,482,5000,5482
54031,34,544,578
54032,90,1025,1115
54033,137,1480,1617
54034,453,5138,5591
54035,426,4226,4652
54036,78,872,950
54037,469,4991,5460
54038,519,5004,5523
54039,15827,148230,164057
54040,292,3147,3439
54041,141,1841,1982
54042,3,91,94
54043,56,642,698
54044,1013,9855,10868
54045,33,489,522
54046,113,1227,1340
54047,35,428,463
54048,57,965,1022
54049,180,2148,2328
54050,757,7634,8391
54051,3135,34196,37331
54052,1315,14114,15429
54053,682,5828,6510
54054,832,7323,8155
54055,309,3453,3762
54056,1750,14605,16355
54057,298,2963,3261
54058,25,325,350
54059,111,1191,1302
55001,402,4095,4497
55002,152,1549,1701
55003,104,1310,1414
55004,1018,10446,11464
55005,207,2406,2613
55006,187,1797,1984
55007,238,2424,2662
55008,108,1599,1707
55009,150,1926,2076
55010,211,2546,2757
55011,219,2433,2652
55012,183,1638,1821
55013,133,1454,1587
55014,147,1730,1877
55015,148,1625,1773
55016,108,1324,1432
55017,468,4347,4815
55018,98,1499,1597
55019,121,1154,1275
55020,85,1055,1140
55021,95,1291,1386
55022,1416,17107,18523
55023,1656,18465,20121
55024,154,1592,1746
55025,29,465,494
55026,76,973,1049
55027,16,199,215
55028,171,1746,1917
55029,440,4410,4850
55030,130,2062,2192
55031,451,4246,4697
55032,9371,99884,109255
55033,214,2199,2413
56001,425,4911,5336
56002,71,736,807
56003,241,3238,3479
56004,64,913,977
56005,376,4133,4509
56006,102,1150,1252
56007,252,2782,3034
56008,250,3542,3792
56009,170,1519,1689
56010,83,797,880
56011,257,2705,2962
56012,468,4677,5145
56013,109,1535,1644
56014,642,5763,6405
56015,500,4736,5236
56016,187,1739,1926
56017,235,2222,2457
56018,233,2045,2278
56019,123,1181,1304
56020,64,1011,1075
56021,1333,14110,15443
56022,125,1384,1509
56023,348,3211,3559
56024,797,7247,8044
56025,164,1822,1986
56026,91,1301,1392
56027,220,2445,2665
56028,77,1204,1281
56029,182,1979,2161
56030,148,2302,2450
56031,172,2011,2183
56032,27,745,772
56033,77,805,882
56034,267,3032,3299
56035,826,7962,8788
56036,1124,11861,12985
56037,214,1706,1920
56038,558,4095,4653
56039,845,8045,8890
56040,78,865,943
56041,319,3322,3641
56042,965,8206,9171
56043,120,1808,1928
56044,23,479,502
56045,702,7611,8313
56046,90,1117,1207
56047,135,1850,1985
56048,676,7293,7969
56049,569,5932,6501
56050,1449,14602,16051
56051,18,270,288
56052,719,7461,8180
56053,202,2500,2702
56054,213,2237,2450
56055,384,3536,3920
56056,194,1961,2155
56057,1294,12064,13358
56058,404,3946,4350
56059,6153,58897,65050
56060,630,4591,5221
57001,30,519,549
57002,172,2124,2296
57003,178,2198,2376
57004,16,194,210
57005,56,582,638
57006,40,559,599
57007,378,3914,4292
57008,60,868,928
57009,220,2271,2491
57010,125,1523,1648
57011,38,641,679
57012,103,1091,1194
57013,13,247,260
57014,81,939,1020
57015,94,1126,1220
57016,569,5960,6529
57017,21,391,412
57018,13,375,388
57019,26,328,354
57020,2,130,132
57021,99,1429,1528
57022,30,434,464
57023,20,259,279
57024,40,535,575
57025,391,3439,3830
57026,53,477,530
57027,1411,12157,13568
57028,64,1176,1240
57029,263,2802,3065
57030,73,644,717
57031,132,1349,1481
57032,36,341,377
57033,123,2051,2174
57034,36,522,558
57035,302,3225,3527
57036,2,74,76
57037,5,105,110
57038,33,458,491
57039,32,345,377
57040,60,802,862
57041,97,1088,1185
57042,15,263,278
57043,43,601,644
57044,395,3755,4150
57045,26,318,344
57046,7,179,186
57047,21,362,383
57048,2,147,149
57049,135,1791,1926
57050,64,983,1047
57051,156,1743,1899
57052,126,1116,1242
57053,578,5603,6181
57054,220,2569,2789
57055,211,2298,2509
57056,42,468,510
57057,32,552,584
57058,10,303,313
57059,3966,42227,46193
57060,83,1073,1156
57061,49,495,544
57062,49,729,778
57063,51,456,507
57064,296,2803,3099
57065,100,976,1076
57066,230,2092,2322
57067,106,1292,1398
57068,98,940,1038
57069,96,1265,1361
57070,91,1129,1220
57071,12,202,214
57072,7,216,223
57073,10,166,176
58001,134,1324,1458
58002,173,1524,1697
58003,4039,35310,39349
58004,362,3461,3823
58005,2032,17069,19101
58006,74,744,818
58007,5566,46807,52373
58008,78,1196,1274
58009,1707,16475,18182
58010,105,1299,1404
58011,1559,12111,13670
58012,228,2516,2744
58013,1885,16902,18787
58014,17,386,403
58015,1197,9989,11186
58016,416,3852,4268
58017,13,342,355
58018,1372,9320,10692
58019,18,292,310
58020,362,3778,4140
58021,45,604,649
58022,877,7717,8594
58023,759,6388,7147
58024,787,7579,8366
58025,70,757,827
58026,1179,9494,10673
58027,114,960,1074
58028,30,402,432
58029,3745,33737,37482
58030,97,1161,1258
58031,28,559,587
58032,5085,46463,51548
58033,200,1741,1941
58034,1889,18839,20728
58035,457,3746,4203
58036,2017,13539,15556
58037,33,389,422
58038,1505,11598,13103
58039,2333,19953,22286
58040,708,5563,6271
58041,166,1732,1898
58042,544,5144,5688
58043,2225,20690,22915
58044,96,1083,1179
58045,71,615,686
58046,1945,18172,20117
58047,9918,76814,86732
58048,18,332,350
58049,776,5625,6401
58050,1421,11731,13152
58051,95,784,879
58052,137,1294,1431
58053,76,824,900
58054,746,6938,7684
58055,83,700,783
58056,818,6154,6972
58057,5284,39621,44905
58058,295,2669,2964
58059,2659,20582,23241
58060,1322,10424,11746
58061,93,1122,1215
58062,210,1841,2051
58063,517,4671,5188
58064,843,7685,8528
58065,4738,36206,40944
58066,196,1784,1980
58067,235,2213,2448
58068,815,7465,8280
58069,122,1228,1350
58070,180,1674,1854
58071,178,1733,1911
58072,4542,43034,47576
58073,561,5934,6495
58074,2392,19646,22038
58075,1346,11332,12678
58076,11,204,215
58077,61,665,726
58078,261,2023,2284
58079,7017,54281,61298
58080,103,1008,1111
58081,1281,9172,10453
58082,1071,8960,10031
58083,58,663,721
58084,9,165,174
58085,32,321,353
58086,1867,15271,17138
58087,20,230,250
58088,1188,10670,11858
58089,67,875,942
58090,47,611,658
58091,276373,2507436,2783809
58092,88,1184,1272
58093,685,6737,7422
58094,73,765,838
58095,136,1318,1454
58096,283,2508,2791
58097,1568,16562,18130
58098,499,4315,4814
58099,338,3225,3563
58100,277,2868,3145
58101,17,157,174
58102,823,8335,9158
58103,720,7882,8602
58104,5592,48454,54046
58105,465,4479,4944
58106,93,952,1045
58107,474,5182,5656
58108,5,244,249
58109,12,278,290
58110,1779,13439,15218
58111,5482,47461,52943
58112,379,3317,3696
58113,5,150,155
58114,2069,15991,18060
58115,1524,11760,13284
58116,3947,35684,39631
58117,5071,43294,48365
58118,3905,34402,38307
58119,1987,14046,16033
58120,9033,67213,76246
58122,3904,27792,31696
59001,8401,64895,73296
59002,110,1346,1456
59003,38,527,565
59004,396,3839,4235
59005,3999,31507,35506
59006,964,9554,10518
59007,4344,34770,39114
59008,3603,33616,37219
59009,1601,18250,19851
59010,1018,9309,10327
59011,13220,113392,126612
59012,367,3727,4094
59013,313,2702,3015
59014,1945,17496,19441
59015,652,5498,6150
59016,345,3377,3722
59017,1748,13244,14992
59018,307,3004,3311
59019,1437,12271,13708
59020,116,1054,1170
59021,411,3824,4235
59022,88,999,1087
59023,88,994,1082
59024,1958,17287,19245
59025,878,8847,9725
59026,718,6095,6813
59027,1330,8675,10005
59028,2415,20922,23337
59029,859,6641,7500
59030,262,2855,3117
59031,300,2597,2897
59032,4014,39064,43078
59033,53,663,716
60001,20,247,267
60002,178,1704,1882
60003,2892,24603,27495
60004,179,2354,2533
60005,428,3787,4215
60006,2148,18840,20988
60007,455,4503,4958
60008,494,4964,5458
60009,198,2054,2252
60010,571,6309,6880
60011,383,3764,4147
60012,243,2186,2429
60013,47,639,686
60014,844,7571,8415
60015,228,2474,2702
60016,145,1478,1623
60017,44,466,510
60018,209,2264,2473
60019,3544,32497,36041
60020,328,2931,3259
60021,90,779,869
60022,410,3452,3862
60023,385,4154,4539
60024,2257,20053,22310
60025,764,7590,8354
60026,800,7034,7834
60027,175,1651,1826
60028,89,804,893
60029,52,590,642
60030,156,1395,1551
60031,346,3443,3789
60032,51,490,541
60033,1863,17990,19853
60034,31,470,501
60035,837,9336,10173
60036,255,2528,2783
60037,127,1143,1270
60038,4146,40339,44485
60039,160,1861,2021
60040,100,1117,1217
60041,255,2128,2383
60042,136,1388,1524
60043,898,10114,11012
60044,1285,11022,12307
60045,327,2854,3181
60046,822,7145,7967
60047,91,1234,1325
60048,318,2777,3095
60049,128,1329,1457
60050,89,1021,1110
60051,245,2471,2716
60052,813,5447,6260
60053,370,4023,4393
60054,280,2151,2431
60055,341,3625,3966
60056,1235,11261,12496
60057,86,998,1084
60058,484,4539,5023
60059,73,847,920
60060,618,6466,7084
60061,21,278,299
60062,153,1745,1898
60063,325,2691,3016
60064,259,2918,3177
60065,70,823,893
60066,108,1209,1317
60067,181,1660,1841
60068,542,5196,5738
60069,87,1157,1244
60070,247,2209,2456
60071,298,2702,3000
60072,52,646,698
60073,227,2192,2419
60074,2381,23014,25395
60075,226,2102,2328
60076,478,4290,4768
60077,11,295,306
60078,115,1199,1314
60079,513,4227,4740
60080,98,1684,1782
60081,160,1459,1619
60082,205,2290,2495
60083,77,827,904
60084,85,1330,1415
60085,2002,17624,19626
60086,64,671,735
60087,214,1896,2110
60088,111,1045,1156
60089,252,2295,2547
60090,142,1527,1669
60091,17,285,302
61001,92,1191,1283
61002,755,6661,7416
61003,489,4171,4660
61004,622,4709,5331
61005,5464,45764,51228
61006,184,1874,2058
61007,766,5301,6067
61008,179,1593,1772
61009,536,4741,5277
61010,527,5056,5583
61011,220,1769,1989
61012,659,4976,5635
61013,1357,8747,10104
61014,151,1338,1489
61015,1635,16203,17838
61016,923,6203,7126
61017,544,6697,7241
61018,1195,12090,13285
61019,2545,18926,21471
61020,1190,8378,9568
61021,979,7410,8389
61022,6593,66805,73398
61023,121,1370,1491
61024,99,996,1095
61025,110,1323,1433
61026,310,3368,3678
61027,3520,23452,26972
61028,518,4336,4854
61029,1265,8141,9406
61030,15,361,376
61031,104,1078,1182
61032,682,6137,6819
61033,196,1831,2027
61034,80,685,765
61035,140,1243,1383
61036,452,4178,4630
61037,1224,7966,9190
61038,22,504,526
61039,163,1865,2028
61040,64,597,661
61041,300,3109,3409
61042,780,6038,6818
61043,1922,10760,12682
61044,41,598,639
61045,91,988,1079
61046,1994,13913,15907
61047,1150,8969,10119
61048,4312,33416,37728
61049,4382,34396,38778
61050,132,1951,2083
61051,263,2741,3004
61052,3357,26087,29444
61053,4590,22958,27548
61054,1564,10523,12087
61055,318,2669,2987
61056,166,2038,2204
61057,916,9566,10482
61058,447,4094,4541
61059,273,2551,2824
61060,546,5195,5741
61061,141,1456,1597
61062,1005,6822,7827
61063,111,1292,1403
61064,83,1387,1470
61065,186,1545,1731
61066,99,1146,1245
61067,874,6882,7756
61068,212,2045,2257
61069,289,2765,3054
61070,265,3027,3292
61071,72,756,828
61072,44,403,447
61073,177,1548,1725
61074,1473,12057,13530
61075,2076,14945,17021
61076,58,833,891
61077,2038,12509,14547
61078,2302,19963,22265
61079,64,808,872
61080,182,1780,1962
61081,1446,10687,12133
61082,1703,12487,14190
61083,3300,28883,32183
61084,266,2331,2597
61085,798,4837,5635
61086,189,1940,2129
61087,1947,12910,14857
61088,1715,18973,20688
61089,760,6510,7270
61090,1096,7575,8671
61091,1008,10683,11691
61092,1959,12545,14504
61093,64,749,813
61094,2718,17072,19790
61095,621,5882,6503
61096,36,741,777
61097,277,2388,2665
61098,949,6266,7215
61099,1509,10656,12165
61100,1001,6617,7618
61101,333,3092,3425
61102,826,7263,8089
61103,719,6154,6873
61104,793,5784,6577
62001,881,7234,8115
62002,229,2461,2690
62003,569,4881,5450
62004,231,2245,2476
62005,243,1768,2011
62006,53,678,731
62007,157,2018,2175
62008,5188,52590,57778
62009,154,1233,1387
62010,252,1796,2048
62011,115,1479,1594
62012,265,2272,2537
62013,70,907,977
62014,163,1449,1612
62015,109,1151,1260
62016,74,768,842
62017,99,1262,1361
62018,94,1067,1161
62019,232,2363,2595
62020,51,1021,1072
62021,197,1777,1974
62022,280,2948,3228
62023,317,3382,3699
62024,166,2063,2229
62025,188,2020,2208
62026,371,3536,3907
62027,245,2390,2635
62028,210,1927,2137
62029,299,3144,3443
62030,319,2908,3227
62031,113,1268,1381
62032,156,1050,1206
62033,77,924,1001
62034,145,1561,1706
62035,193,1939,2132
62036,24,399,423
62037,340,4315,4655
62038,424,3688,4112
62039,155,1598,1753
62040,433,3604,4037
62041,124,1356,1480
62042,84,1290,1374
62043,1410,11733,13143
62044,371,4311,4682
62045,348,3408,3756
62046,199,2144,2343
62047,187,1868,2055
62048,242,1778,2020
62049,149,1462,1611
62050,166,1713,1879
62051,35,468,503
62052,274,2674,2948
62053,232,2234,2466
62054,134,1921,2055
62055,117,1216,1333
62056,83,1044,1127
62057,342,4129,4471
62058,1091,8800,9891
62059,290,2608,2898
62060,233,2729,2962
62061,176,1998,2174
62062,176,1786,1962
62063,39,686,725
62064,223,2902,3125
62065,97,1064,1161
62066,90,775,865
62067,333,3294,3627
62068,365,3512,3877
62069,67,800,867
62070,1010,9653,10663
62071,364,3834,4198
62072,52,580,632
62073,305,3282,3587
62074,853,6888,7741
62075,117,1325,1442
62076,343,2982,3325
62077,270,2538,2808
62078,24,468,492
63001,8059,50902,58961
63002,8014,54257,62271
63003,971,6739,7710
63004,679,6265,6944
63005,3955,29572,33527
63006,2510,23184,25694
63007,1080,8901,9981
63008,3259,23833,27092
63009,1121,8874,9995
63010,2037,14071,16108
63011,4720,32061,36781
63012,1474,10781,12255
63013,518,4645,5163
63014,534,6442,6976
63015,310,2177,2487
63016,2730,19070,21800
63017,5683,41578,47261
63018,272,2898,3170
63019,770,7133,7903
63020,1792,11723,13515
63021,2134,16294,18428
63022,509,3258,3767
63023,8724,65692,74416
63024,6893,56931,63824
63025,1103,6779,7882
63026,1919,15002,16921
63027,1218,11299,12517
63028,816,6230,7046
63029,178,1537,1715
63030,1370,10588,11958
63031,1905,15620,17525
63032,2892,25673,28565
63033,1738,14049,15787
63034,15778,103128,118906
63035,3326,25128,28454
63036,1875,15647,17522
63037,1938,17444,19382
63038,472,4298,4770
63039,802,5345,6147
63040,146,1408,1554
63041,6635,51115,57750
63042,1026,6765,7791
63043,3363,25631,28994
63044,1569,12414,13983
63045,4588,30947,35535
63046,831,7097,7928
63047,1229,11120,12349
63048,4229,30614,34843
63049,99943,840997,940940
63050,3685,30454,34139
63051,2631,20828,23459
63052,1907,14260,16167
63053,1302,11365,12667
63054,788,5131,5919
63055,2927,19021,21948
63056,1585,11615,13200
63057,4511,35554,40065
63058,2753,22095,24848
63059,5268,47986,53254
63060,8225,70645,78870
63061,928,9370,10298
63062,3126,21945,25071
63063,5250,34435,39685
63064,5828,45772,51600
63065,659,6097,6756
63066,1514,10414,11928
63067,4149,39155,43304
63068,3613,25855,29468
63069,337,3048,3385
63070,988,7843,8831
63071,951,7882,8833
63072,3021,23596,26617
63073,4237,28838,33075
63074,2261,17115,19376
63075,836,5600,6436
63076,1983,14200,16183
63077,726,5396,6122
63078,299,2794,3093
63079,3843,30377,34220
63080,1507,14449,15956
63081,1141,7594,8735
63082,2125,15627,17752
63083,4955,36133,41088
63084,9265,73064,82329
63085,399,3101,3500
63086,2250,18166,20416
63087,4219,26778,30997
63088,415,3880,4295
63089,3563,21706,25269
63090,1548,10331,11879
63091,966,7772,8738
63092,533,4561,5094
64001,401,3561,3962
64002,394,3670,4064
64003,110,1637,1747
64004,83,1449,1532
64005,1862,19284,21146
64006,935,9628,10563
64007,842,6742,7584
64008,4456,48608,53064
64009,219,2857,3076
64010,432,4091,4523
64011,334,3285,3619
64012,184,2074,2258
64013,14,263,277
64014,181,2089,2270
64015,299,4071,4370
64016,111,990,1101
64017,329,3010,3339
64018,230,2036,2266
64019,101,1225,1326
64020,129,1515,1644
64021,78,832,910
64022,94,988,1082
64023,150,1743,1893
64024,139,1413,1552
64025,858,8203,9061
64026,277,2350,2627
64027,31,424,455
64028,186,1975,2161
64029,337,2654,2991
64030,110,1159,1269
64031,210,1644,1854
64032,254,2485,2739
64033,220,2701,2921
64034,546,4667,5213
64035,258,3254,3512
64036,295,3047,3342
64037,46,564,610
64038,767,7046,7813
64039,152,1699,1851
64040,99,1457,1556
64041,137,1989,2126
64042,118,1351,1469
64043,311,3014,3325
64044,622,5469,6091
64045,92,1011,1103
64046,278,2793,3071
64047,191,1445,1636
64048,178,1647,1825
64049,1081,10756,11837
64050,580,6679,7259
64051,12,346,358
64052,281,3165,3446
64053,258,2891,3149
64054,1237,10167,11404
64055,183,1935,2118
64056,83,1153,1236
64057,720,6735,7455
64058,231,2463,2694
64059,459,4699,5158
64060,51,689,740
64063,93,1063,1156
64064,173,1408,1581
64065,487,4684,5171
64066,327,3548,3875
64067,238,1867,2105
64068,189,1513,1702
64069,49,582,631
64070,176,2042,2218
64071,29,253,282
64072,133,1964,2097
64073,128,1311,1439
64074,274,2568,2842
64075,398,3304,3702
64076,204,1614,1818
64077,188,1711,1899
64078,201,2106,2307
64079,67,732,799
64080,366,3150,3516
64081,49,666,715
64082,74,1056,1130
64083,480,4309,4789
64084,222,2254,2476
64085,63,699,762
64086,118,1382,1500
64087,137,1407,1544
64088,147,1268,1415
64089,63,1297,1360
64090,41,670,711
64091,56,655,711
64092,309,3689,3998
64093,92,1129,1221
64095,180,1890,2070
64096,98,937,1035
64097,51,1049,1100
64098,35,740,775
64099,672,6168,6840
64100,334,2445,2779
64101,1304,10913,12217
64102,40,503,543
64103,413,3282,3695
64104,271,2636,2907
64105,138,1369,1507
64106,144,1356,1500
64107,168,2025,2193
64108,106,1361,1467
64109,162,1828,1990
64110,97,1127,1224
64111,13,446,459
64112,70,809,879
64113,53,732,785
64114,243,2363,2606
64115,123,1135,1258
64116,227,2131,2358
64117,86,830,916
64118,101,1423,1524
64119,270,2823,3093
64120,52,945,997
64121,2318,16813,19131
65001,223,2310,2533
65002,2087,19503,21590
65003,674,5636,6310
65004,80,859,939
65005,712,6257,6969
65006,420,4456,4876
65007,4241,29644,33885
65008,93,1296,1389
65009,509,5301,5810
65010,246,2160,2406
65011,70,731,801
65012,180,2026,2206
65013,1793,15160,16953
65014,5200,45081,50281
65015,43,691,734
65016,645,4741,5386
65017,365,4360,4725
65018,245,2204,2449
65019,241,2367,2608
65020,133,1285,1418
65021,625,6452,7077
65022,1953,14884,16837
65023,15,344,359
65024,88,892,980
65025,2407,20735,23142
65026,99,1013,1112
65027,92,1230,1322
65028,542,4883,5425
65029,171,1720,1891
65030,73,1444,1517
65031,811,8067,8878
65032,321,2475,2796
65033,32,462,494
65034,1505,11951,13456
65035,184,2111,2295
65036,159,1147,1306
65037,4889,45885,50774
65038,165,1641,1806
65039,430,4633,5063
65040,178,2082,2260
65041,154,1879,2033
65042,82,1101,1183
65043,345,3126,3471
65044,58,613,671
65045,57,738,795
65046,344,2899,3243
65047,283,2236,2519
65048,32,492,524
65049,44,513,557
65050,4104,34388,38492
65051,78,1115,1193
65052,1478,12310,13788
65053,67,652,719
65054,102,1006,1108
65055,488,4478,4966
65056,1283,10426,11709
65057,86,1084,1170
65058,147,1165,1312
65059,83,931,1014
65060,128,1073,1201
65061,88,1278,1366
65062,37,692,729
65063,156,1225,1381
65064,85,927,1012
65065,32,583,615
65066,481,5014,5495
65067,2493,19437,21930
65068,197,2452,2649
65069,130,1726,1856
65070,150,1706,1856
65071,211,2418,2629
65072,1448,9690,11138
65073,1337,10839,12176
65074,53,472,525
65075,101,1385,1486
65076,591,5772,6363
65077,42,562,604
65078,4314,40353,44667
65079,2615,21368,23983
65080,297,2012,2309
65081,221,2067,2288
65082,736,5838,6574
65083,361,3339,3700
65084,180,1487,1667
65085,54,933,987
65086,67,567,634
65087,417,4597,5014
65088,3904,30873,34777
65089,413,3422,3835
65090,1223,9640,10863
65091,137,1628,1765
65092,62,791,853
65093,45,610,655
65094,80,971,1051
65095,63,1141,1204
65096,161,2362,2523
65097,543,4674,5217
65098,178,2076,2254
65099,2810,23129,25939
65100,356,3453,3809
65101,184,1853,2037
65102,177,1831,2008
65103,112,953,1065
65104,228,2241,2469
65105,59,1033,1092
65106,689,6323,7012
65107,144,1441,1585
65108,958,7842,8800
65109,112,1303,1415
65110,34,344,378
65111,28,624,652
65112,72,699,771
65113,23,427,450
65114,1229,10640,11869
65115,175,1667,1842
65116,11423,118817,130240
65117,24,475,499
65118,763,5799,6562
65119,341,3368,3709
65120,366,3705,4071
65121,324,2365,2689
65122,1334,9133,10467
65123,68,800,868
65124,38,507,545
65125,179,1493,1672
65126,184,1471,1655
65127,351,2842,3193
65128,29,510,539
65129,258,2458,2716
65130,1069,7798,8867
65131,36,369,405
65132,1488,9526,11014
65133,178,2236,2414
65134,557,5959,6516
65135,3513,27235,30748
65136,431,4314,4745
65137,5539,43223,48762
65138,160,1364,1524
65139,18,268,286
65140,397,3411,3808
65141,112,1115,1227
65142,932,8622,9554
65143,291,2938,3229
65144,52,633,685
65145,54,728,782
65146,613,6819,7432
65147,184,1656,1840
65148,110,1101,1211
65149,189,1855,2044
65150,41,441,482
65151,435,3672,4107
65152,138,1432,1570
65153,6,217,223
65154,754,7418,8172
65155,152,1440,1592
65156,269,2991,3260
65157,649,6759,7408
65158,1549,11869,13418
66001,17,283,300
66002,152,1301,1453
66003,51,884,935
66004,15,301,316
66005,92,1012,1104
66006,4316,36732,41048
66007,312,2976,3288
66008,48,574,622
66009,172,1517,1689
66010,61,661,722
66011,4,196,200
66012,90,974,1064
66013,85,1107,1192
66014,3,127,130
66015,39,742,781
66016,13,448,461
66017,55,872,927
66018,17,205,222
66019,61,790,851
66020,402,4555,4957
66021,57,571,628
66022,8,190,198
66023,34,518,552
66024,9,74,83
66025,465,4766,5231
66026,40,401,441
66027,16,282,298
66028,565,6074,6639
66029,85,973,1058
66030,7,113,120
66031,48,807,855
66032,1068,9406,10474
66033,154,1422,1576
66034,73,872,945
66035,14,273,287
66036,294,2802,3096
66037,17,202,219
66038,62,787,849
66039,72,1071,1143
66040,14,199,213
66041,67,910,977
66042,35,334,369
66043,26,266,292
66044,63,623,686
66045,21,217,238
66046,136,1603,1739
66047,34,494,528
66048,151,1838,1989
66049,6754,63187,69941
66050,133,1420,1553
66051,770,5277,6047
66052,50,819,869
66053,334,3236,3570
66054,91,1300,1391
66055,23,341,364
66056,185,2100,2285
66057,102,1249,1351
66058,38,497,535
66059,106,1023,1129
66060,28,411,439
66061,20,359,379
66062,149,1140,1289
66063,7,431,438
66064,171,1592,1763
66065,96,1072,1168
66066,74,1047,1121
66067,48,594,642
66068,150,1955,2105
66069,357,3480,3837
66070,81,1029,1110
66071,93,1292,1385
66072,470,3861,4331
66073,121,947,1068
66074,36,400,436
66075,647,6553,7200
66076,58,846,904
66077,241,2421,2662
66078,43,638,681
66079,36,565,601
66080,62,786,848
66081,36,453,489
66082,93,1314,1407
66083,15,164,179
66084,132,1431,1563
66085,396,3357,3753
66086,2,97,99
66087,200,1680,1880
66088,79,590,669
66089,70,1058,1128
66090,42,336,378
66091,7,109,116
66092,140,2028,2168
66093,120,1631,1751
66094,39,509,548
66095,513,3292,3805
66096,247,2459,2706
66097,11,317,328
66098,1812,21119,22931
66099,562,5990,6552
66100,12,264,276
66101,254,2635,2889
66102,682,5256,5938
66103,11,504,515
66104,6,88,94
66105,49,424,473
66106,69,788,857
66107,34,563,597
66108,77,763,840
67001,1176,11012,12188
67002,166,1656,1822
67003,57,734,791
67004,834,9301,10135
67005,238,2142,2380
67006,640,6118,6758
67007,121,1606,1727
67008,584,6147,6731
67009,194,1582,1776
67010,43,418,461
67011,847,6626,7473
67012,67,938,1005
67013,161,1935,2096
67014,109,1296,1405
67015,195,2141,2336
67016,117,1397,1514
67017,389,4241,4630
67018,201,1936,2137
67019,362,3257,3619
67020,199,2047,2246
67021,586,4507,5093
67022,32,565,597
67023,61,1091,1152
67024,5,260,265
67025,2070,21208,23278
67026,420,4082,4502
67027,77,888,965
67028,787,6902,7689
67029,360,3229,3589
67030,912,8210,9122
67031,580,4622,5202
67032,569,5802,6371
67033,159,1519,1678
67034,5,220,225
67035,1475,13323,14798
67036,26,456,482
67037,2451,23218,25669
67038,1115,8671,9786
67039,475,4673,5148
67040,1491,13902,15393
67041,4851,48630,53481
67042,157,1372,1529
67043,241,2277,2518
67044,1120,10741,11861
67045,93,1173,1266
67046,41,826,867
67047,1638,14420,16058
68001,23,340,363
68002,331,3116,3447
68003,99,955,1054
68004,16,247,263
68005,145,2225,2370
68006,470,3506,3976
68007,121,1780,1901
68008,40,533,573
68009,63,680,743
68010,86,1164,1250
68011,1262,9515,10777
68012,1651,13178,14829
68013,89,1106,1195
68014,124,1562,1686
68015,682,5337,6019
68016,7,201,208
68017,94,1265,1359
68018,135,1507,1642
68019,118,1265,1383
68020,235,2515,2750
68021,657,6566,7223
68022,727,6088,6815
68023,65,842,907
68024,5821,47292,53113
68025,264,2839,3103
68026,158,1617,1775
68027,903,10813,11716
68028,11045,108410,119455
68029,31,444,475
68030,927,7637,8564
68031,128,1177,1305
68032,20,421,441
68033,356,4449,4805
68034,67,833,900
68035,478,3517,3995
68036,21,248,269
68037,16,238,254
68038,173,1706,1879
68039,339,3220,3559
68040,41,493,534
68041,2139,16550,18689
68042,246,2217,2463
68043,282,2637,2919
68044,60,731,791
68045,26,355,381
68046,34,537,571
69001,390,2699,3089
69002,169,1897,2066
69003,82,995,1077
69004,92,1014,1106
69005,1102,9393,10495
69006,53,698,751
69007,17,297,314
69008,535,4497,5032
69009,8,73,81
69010,90,1203,1293
69011,42,482,524
69012,36,568,604
69013,102,1084,1186
69014,60,814,874
69015,463,5381,5844
69016,304,2735,3039
69017,498,4852,5350
69018,459,3772,4231
69019,11,322,333
69020,117,1485,1602
69021,53,766,819
69022,4130,45878,50008
69023,18,281,299
69024,63,726,789
69025,3,163,166
69026,23,401,424
69027,227,2478,2705
69028,513,4343,4856
69029,23,297,320
69030,195,1755,1950
69031,114,1206,1320
69032,55,825,880
69033,648,5571,6219
69034,10,273,283
69035,2413,22786,25199
69036,72,834,906
69037,133,1541,1674
69038,48,810,858
69039,21,271,292
69040,77,1198,1275
69041,218,2362,2580
69042,100,1053,1153
69043,743,7950,8693
69044,36,376,412
69045,60,1071,1131
69046,3168,31192,34360
69047,51,595,646
69048,24,302,326
69049,64,607,671
69050,441,4259,4700
69051,64,813,877
69052,9,110,119
69053,4,76,80
69054,56,557,613
69055,228,2116,2344
69056,284,2143,2427
69057,321,3386,3707
69058,1950,20186,22136
69059,398,3774,4172
69060,117,1167,1284
69061,49,757,806
69062,68,889,957
69063,8,216,224
69064,23,412,435
69065,141,1392,1533
69066,53,938,991
69067,77,748,825
69068,164,1926,2090
69069,62,802,864
69070,33,703,736
69071,88,1150,1238
69072,418,3562,3980
69073,118,1490,1608
69074,203,2098,2301
69075,61,1042,1103
69076,72,1147,1219
69077,4,91,95
69078,11,192,203
69079,74,818,892
69080,3,147,150
69081,1787,12097,13884
69082,66,785,851
69083,2170,17639,19809
69084,241,1823,2064
69085,218,2094,2312
69086,489,4729,5218
69087,258,2778,3036
69088,38,665,703
69089,22,321,343
69090,358,3548,3906
69091,259,2719,2978
69092,131,1511,1642
69093,28,723,751
69094,464,3694,4158
69095,72,1133,1205
69096,195,1505,1700
69097,24,349,373
69098,119,1447,1566
69099,3975,36559,40534
69100,72,827,899
69101,179,2029,2208
69102,81,1112,1193
69103,17,113,130
69104,7,113,120
70001,22,569,591
70002,191,2355,2546
70003,701,6799,7500
70004,70,1189,1259
70005,89,1095,1184
70006,4113,43736,47849
70007,52,544,596
70008,233,2214,2447
70009,72,747,819
70010,759,6998,7757
70011,114,1867,1981
70012,37,456,493
70013,13,251,264
70014,24,430,454
70015,76,1244,1320
70016,48,839,887
70017,315,3302,3617
70018,46,577,623
70019,19,304,323
70020,62,684,746
70021,102,1619,1721
70022,13,385,398
70023,306,2862,3168
70024,68,1140,1208
70025,73,1235,1308
70026,55,704,759
70027,60,897,957
70028,58,673,731
70029,423,4628,5051
70030,155,1526,1681
70031,524,6037,6561
70032,43,674,717
70033,45,595,640
70034,35,404,439
70035,40,463,503
70036,94,1022,1116
70037,115,953,1068
70038,217,1861,2078
70039,8,149,157
70040,44,430,474
70041,66,965,1031
70042,72,1177,1249
70043,90,1353,1443
70044,22,306,328
70045,9,305,314
70046,559,5624,6183
70047,20,367,387
70048,38,498,536
70049,160,1525,1685
70050,134,1484,1618
70051,354,3131,3485
70052,76,998,1074
70053,117,1148,1265
70054,14,200,214
70055,228,2141,2369
70056,4,101,105
70057,419,4551,4970
70058,15,453,468
70059,292,2757,3049
70060,37,617,654
70061,94,1062,1156
70062,45,593,638
70063,8,142,150
70064,22,544,566
70065,141,1263,1404
70066,32,494,526
70067,64,879,943
70068,81,922,1003
70069,409,4260,4669
70070,62,751,813
70071,47,424,471
70072,310,3850,4160
70073,22,301,323
70074,98,1517,1615
70075,155,1662,1817
70076,83,1123,1206
70077,30,600,630
70078,3089,29860,32949
70079,56,663,719
70080,66,1213,1279
70081,410,4110,4520
70082,27,801,828
70083,229,2290,2519
70084,334,2973,3307
71001,217,2058,2275
71002,51,811,862
71003,79,1067,1146
71004,1320,11380,12700
71005,627,5372,5999
71006,245,2400,2645
71007,226,2829,3055
71008,666,6127,6793
71009,192,2345,2537
71010,864,5815,6679
71011,72,763,835
71012,326,3572,3898
71013,110,1285,1395
71014,125,1594,1719
71015,203,1831,2034
71016,119,1119,1238
71017,105,1215,1320
71018,109,1334,1443
71019,4,147,151
71020,6520,48516,55036
71021,127,1439,1566
71022,369,3225,3594
71023,59,555,614
71024,14785,133516,148301
71025,425,3894,4319
71026,31,411,442
71027,570,5669,6239
71028,3176,28682,31858
71029,5468,49561,55029
71031,639,5433,6072
71032,69,903,972
71033,1082,10575,11657
71034,39,627,666
71035,194,2350,2544
71036,1837,15096,16933
71037,46,649,695
71038,495,3813,4308
71039,242,2325,2567
71040,256,2328,2584
71041,151,1730,1881
71042,145,1589,1734
71043,311,3155,3466
71044,90,910,1000
71046,2717,23924,26641
71047,1275,11570,12845
71048,62,840,902
71049,1273,13171,14444
71050,584,5064,5648
71051,4906,43950,48856
71052,181,1668,1849
71053,352,3442,3794
71054,752,4990,5742
71055,665,4526,5191
71056,1737,14906,16643
71058,683,6134,6817
71059,740,6661,7401
71060,1382,12252,13634
71061,18,368,386
71062,145,1454,1599
71063,424,2498,2922
71064,374,2930,3304
72001,1925,18168,20093
72002,1623,14867,16490
72003,924,9558,10482
72004,8348,61470,69818
72006,28079,284924,313003
72008,255,1895,2150
72010,1375,10456,11831
72011,5564,46711,52275
72012,1316,9961,11277
72014,1573,13653,15226
72015,2139,17186,19325
72016,1547,13081,14628
72017,1897,17277,19174
72018,698,5049,5747
72019,2640,23173,25813
72020,5002,42358,47360
72021,2566,24307,26873
72022,1808,17560,19368
72023,4712,37956,42668
72024,1207,11047,12254
72025,1363,12711,14074
72027,3920,33294,37214
72028,2134,22436,24570
72029,5565,52117,57682
72030,4482,43384,47866
72031,1590,16911,18501
72032,2792,23188,25980
72033,2231,18442,20673
72034,95,1233,1328
72035,1708,15783,17491
72036,2277,23632,25909
72037,1910,16511,18421
72038,2511,22266,24777
72039,515,5656,6171
72040,1025,8634,9659
72041,2612,23125,25737
72043,2629,23552,26181
72044,808,7368,8176
72046,2624,23602,26226
72047,1318,11621,12939
72048,1633,15755,17388
73001,520,5837,6357
73002,774,5945,6719
73003,1401,14883,16284
73004,1469,11724,13193
73005,363,3077,3440
73006,480,4590,5070
73007,2142,19540,21682
73008,2968,27988,30956
73009,1624,13297,14921
73010,886,7286,8172
73011,945,8753,9698
73012,2657,27392,30049
73013,4432,42981,47413
73014,425,4828,5253
73015,3327,28605,31932
73016,552,4877,5429
73017,333,3306,3639
73018,228,2087,2315
73019,1421,14082,15503
73020,784,6778,7562
73021,1657,14204,15861
73022,1168,10169,11337
73023,190,1609,1799
73024,1440,12877,14317
73025,989,7960,8949
73026,1519,13838,15357
73027,17721,171645,189366
73028,354,3842,4196
73029,1383,11896,13279
74001,8073,75775,83848
74002,1735,15168,16903
74003,1645,17393,19038
74004,580,5662,6242
74005,922,10322,11244
74006,751,7598,8349
74007,3762,35264,39026
74008,3632,31658,35290
74009,1208,12613,13821
74010,2282,23432,25714
74011,1419,13292,14711
74012,2480,27891,30371
74013,583,5666,6249
74014,586,5589,6175
74015,802,8691,9493
74016,1147,12051,13198
74017,1510,16821,18331
74018,486,4741,5227
74019,983,9235,10218
74020,957,8049,9006
75002,515,5655,6170
75003,585,5066,5651
75004,593,5920,6513
75005,387,4230,4617
75006,859,8167,9026
75007,419,3584,4003
75008,141,1640,1781
75009,234,2427,2661
75010,634,6176,6810
75011,825,9065,9890
75012,129,1517,1646
75013,210,2134,2344
75014,1071,10570,11641
75015,309,3368,3677
75016,1916,17661,19577
75017,234,2546,2780
75018,295,3451,3746
75019,388,4796,5184
75020,1406,11243,12649
75021,414,5318,5732
75022,2294,20984,23278
75023,495,5205,5700
75024,519,4713,5232
75025,337,3603,3940
75026,809,7997,8806
75027,185,2728,2913
75028,376,4634,5010
75029,2267,23718,25985
75030,1425,13637,15062
75031,1763,18329,20092
75032,91,1059,1150
75033,196,1738,1934
75034,447,5111,5558
75035,8613,85060,93673
75036,911,7656,8567
75037,1470,12324,13794
75038,1278,10414,11692
75039,1143,12603,13746
75040,737,7920,8657
75041,150,1446,1596
75042,1104,10063,11167
75043,837,9090,9927
75044,623,6169,6792
75045,166,1987,2153
75046,283,3082,3365
75047,288,3246,3534
75048,1277,12335,13612
75049,254,2355,2609
75050,216,2889,3105
75051,400,4410,4810
75052,2778,27954,30732
75053,412,4621,5033
75054,143,2026,2169
75055,614,7152,7766
75056,150,2098,2248
75057,464,5305,5769
75058,102,1316,1418
75059,765,7996,8761
75060,152,1481,1633
75061,524,5367,5891
75063,1023,9716,10739
75064,925,8519,9444
75065,668,7258,7926
75066,340,4219,4559
75067,143,1322,1465
75068,796,7093,7889
75069,462,5022,5484
75070,509,5194,5703
75071,358,3074,3432
75072,236,2609,2845
75073,663,6094,6757
75074,118,1710,1828
75075,360,3586,3946
75076,439,4830,5269
75077,409,4171,4580
75078,290,3211,3501
75079,1052,12489,13541
75080,180,2002,2182
75081,434,3781,4215
75082,138,1419,1557
75083,1582,12935,14517
75084,1209,10240,11449
75085,1092,10532,11624
75086,284,2502,2786
75087,1307,12728,14035
75088,1588,15564,17152
75089,492,4643,5135
75090,1117,11058,12175
75091,409,3978,4387
75092,1294,12329,13623
75093,570,6272,6842
75094,135,1757,1892
75095,161,1807,1968
75096,120,2220,2340
75097,664,5576,6240
75098,822,8681,9503
76001,95,1250,1345
76002,158,2071,2229
76003,115,1253,1368
76004,106,1479,1585
76005,42,534,576
76006,348,3399,3747
76007,937,9802,10739
76008,185,1582,1767
76009,83,1154,1237
76010,253,2306,2559
76011,241,2430,2671
76012,460,4335,4795
76013,353,3537,3890
76014,58,772,830
76015,163,1626,1789
76016,15,346,361
76017,54,690,744
76018,71,1105,1176
76019,16,533,549
76020,10,214,224
76021,39,800,839
76022,160,1809,1969
76023,63,671,734
76024,46,699,745
76025,85,1175,1260
76026,35,909,944
76027,26,547,573
76028,135,1663,1798
76029,176,2199,2375
76030,118,1191,1309
76031,30,529,559
76032,223,2596,2819
76033,137,1744,1881
76034,391,3676,4067
76035,69,754,823
76036,479,4978,5457
76037,143,1454,1597
76038,17,504,521
76039,419,4638,5057
76040,292,3934,4226
76041,112,1554,1666
76042,970,11156,12126
76043,1253,11779,13032
76044,381,4519,4900
76045,310,3684,3994
76046,691,4906,5597
76047,117,1422,1539
76048,1877,15170,17047
76049,45,489,534
76050,290,3421,3711
76051,81,1377,1458
76052,80,1070,1150
76053,373,4664,5037
76054,122,1278,1400
76055,50,724,774
76056,299,3301,3600
76057,357,4257,4614
76058,129,1605,1734
76059,523,5149,5672
76060,348,3543,3891
76061,64,873,937
76062,729,6105,6834
76063,5852,60136,65988
76064,463,3718,4181
76065,51,851,902
76066,1159,11487,12646
76067,137,1476,1613
76068,227,2400,2627
76069,82,1293,1375
76070,250,3074,3324
76071,345,3071,3416
76072,69,940,1009
76073,80,1155,1235
76074,51,899,950
76075,25,602,627
76076,153,2527,2680
76077,37,648,685
76078,82,1362,1444
76079,128,1225,1353
76080,596,5671,6267
76081,118,1293,1411
76082,63,700,763
76083,200,2054,2254
76084,84,943,1027
76085,573,6180,6753
76086,82,1293,1375
76087,35,500,535
76088,59,1008,1067
76089,881,6298,7179
76090,239,2811,3050
76091,252,2713,2965
76092,134,1867,2001
76093,37,565,602
76094,155,1775,1930
76095,920,10289,11209
76096,225,2482,2707
76097,189,2627,2816
76098,429,2889,3318
76099,65,649,714
76100,276,2867,3143
77001,141,1565,1706
77002,55,834,889
77003,1151,10743,11894
77004,51,622,673
77005,11,288,299
77006,59,1039,1098
77007,52,598,650
77008,689,7465,8154
77009,91,917,1008
77010,68,817,885
77011,414,4464,4878
77012,174,1951,2125
77013,341,4206,4547
77014,5862,54433,60295
77015,207,2198,2405
77016,645,6212,6857
77017,949,8493,9442
77018,680,6055,6735
77019,23,353,376
77020,1534,15301,16835
77021,1959,15909,17868
77022,338,3566,3904
77023,208,2293,2501
77024,210,2399,2609
77025,68,1041,1109
77026,85,1257,1342
77027,188,3575,3763
77028,349,4551,4900
77029,412,4390,4802
77030,105,1289,1394
77031,841,6673,7514
78001,75,937,1012
78002,169,1584,1753
78003,1732,18001,19733
78004,99,1450,1549
78005,73,677,750
78006,83,1139,1222
78007,12,363,375
78008,53,614,667
78009,404,3747,4151
78010,1335,12523,13858
78011,222,2550,2772
78012,204,2353,2557
78013,172,1655,1827
78014,78,814,892
78015,860,8276,9136
78016,77,1146,1223
78017,1022,8835,9857
78018,44,1107,1151
78019,185,2486,2671
78020,162,1962,2124
78021,98,1218,1316
78022,109,1058,1167
78023,111,1464,1575
78024,33,626,659
78025,799,6963,7762
78026,295,2883,3178
78027,8,204,212
78029,1699,14971,16670
78030,261,2531,2792
78031,991,8433,9424
78032,10,232,242
78033,2026,19481,21507
78034,230,2464,2694
78035,33,453,486
78036,230,2037,2267
78037,266,2695,2961
78038,64,726,790
78039,124,1164,1288
78040,917,8757,9674
78041,57,802,859
78042,101,1121,1222
78043,88,1071,1159
78045,6155,59042,65197
78046,95,912,1007
78047,1124,8650,9774
78048,429,4652,5081
78049,397,3855,4252
78050,79,839,918
78051,308,3266,3574
78052,112,1213,1325
78053,111,1014,1125
78054,159,1776,1935
78055,252,2590,2842
78056,299,2522,2821
78057,153,1781,1934
78058,817,7233,8050
78059,128,1463,1591
78060,212,2037,2249
78061,145,1573,1718
78062,165,2187,2352
78063,137,1623,1760
78064,79,692,771
78065,74,817,891
78066,388,3465,3853
78067,187,2143,2330
78068,205,2595,2800
78069,174,2120,2294
78070,862,8066,8928
78071,91,1105,1196
78072,59,682,741
78073,140,1561,1701
78074,243,2395,2638
78075,230,1666,1896
78076,425,2920,3345
78077,374,2704,3078
78078,98,851,949
78079,992,8323,9315
78080,124,1394,1518
78081,2916,17358,20274
78082,84,1585,1669
78083,336,3805,4141
78084,179,2557,2736
78085,69,1055,1124
78086,16,322,338
78087,108,1829,1937
78088,78,1102,1180
78089,88,919,1007
78090,22,291,313
78091,1414,13831,15245
78092,20,630,650
78093,176,1914,2090
78094,133,1190,1323
78096,50,709,759
78097,143,1252,1395
78098,79,1103,1182
78099,84,940,1024
78100,44,632,676
78101,541,5954,6495
78102,3582,32110,35692
78103,317,2919,3236
78104,670,6238,6908
78105,480,5054,5534
78106,485,3764,4249
78107,169,1701,1870
78109,80,935,1015
78110,325,2755,3080
78111,51,899,950
78112,148,1270,1418
78113,55,516,571
78114,242,2998,3240
78115,70,1149,1219
78116,238,2290,2528
78117,87,1173,1260
78118,117,1225,1342
78119,1504,14924,16428
78120,30,526,556
78121,370,2777,3147
78122,571,5299,5870
78123,716,6415,7131
78124,49,910,959
78125,203,1688,1891
78126,28,456,484
78127,344,3140,3484
78128,174,1852,2026
78129,113,1062,1175
78130,94,1018,1112
78131,169,1588,1757
78132,461,4464,4925
78133,181,2147,2328
78134,214,1489,1703
78135,208,1851,2059
78136,282,3240,3522
78137,48,808,856
78138,1116,10116,11232
78139,62,1077,1139
78140,43,453,496
78142,667,6091,6758
78143,362,3973,4335
78145,188,1735,1923
78146,425,4269,4694
78147,38,598,636
78148,470,3966,4436
78149,586,5358,5944
78150,811,7912,8723
78152,91,973,1064
78153,219,2531,2750
78154,561,4872,5433
78155,354,2278,2632
78156,912,8813,9725
78157,8345,66505,74850
79002,64,784,848
79003,159,1549,1708
79004,79,690,769
79005,38,635,673
79007,26,444,470
79008,280,2585,2865
79009,109,1131,1240
79011,712,6551,7263
79012,610,4457,5067
79017,142,1603,1745
79018,148,1762,1910
79020,102,1327,1429
79023,8408,78182,86590
79024,48,461,509
79025,39,316,355
79027,99,999,1098
79029,485,4710,5195
79030,75,824,899
79033,113,1219,1332
79034,135,1814,1949
79036,554,4132,4686
79039,635,5974,6609
79042,555,4889,5444
79043,263,2730,2993
79047,390,3391,3781
79048,229,1791,2020
79052,57,505,562
79055,35,395,430
79056,154,1761,1915
79058,274,2804,3078
79059,531,5164,5695
79060,631,4458,5089
79061,401,3823,4224
79063,152,1356,1508
79065,41,524,565
79068,115,1029,1144
79069,489,4000,4489
79071,44,352,396
79072,263,1924,2187
79073,77,762,839
79074,44,947,991
79077,83,638,721
79080,120,1592,1712
79081,588,4789,5377
79083,61,734,795
79087,498,4213,4711
79088,30,461,491
79089,98,1031,1129
79092,159,1786,1945
79094,62,967,1029
79095,253,2248,2501
79096,281,2302,2583
79099,163,1807,1970
79108,90,619,709
79110,141,1326,1467
79114,421,3460,3881
79115,138,1431,1569
79116,185,1243,1428
79117,168,1880,2048
79118,125,1665,1790
79122,164,1498,1662
79123,322,3036,3358
79126,47,446,493
79127,864,6717,7581
79129,313,2646,2959
79130,398,4018,4416
79131,437,2731,3168
79133,481,4158,4639
79134,77,707,784
79137,629,8131,8760
79138,272,2659,2931
79139,147,1344,1491
79142,378,3172,3550
79143,196,2163,2359
79146,213,2342,2555
79147,355,3327,3682
79148,87,868,955
79151,133,1426,1559
79157,125,1359,1484
79160,7245,60468,67713
80001,377,2444,2821
80002,37,445,482
80003,203,1875,2078
80004,113,1097,1210
80005,544,4298,4842
80006,110,839,949
80007,1019,8590,9609
80008,349,2154,2503
80009,457,3612,4069
80010,102,1126,1228
80011,32,365,397
80012,1176,7605,8781
80013,374,3736,4110
80014,299,3066,3365
80015,92,993,1085
80016,54,740,794
80017,101,650,751
80018,513,3879,4392
80019,51,364,415
80020,65,632,697
80021,30,435,465
80022,86,1316,1402
80023,259,1899,2158
80024,67,645,712
80025,634,6312,6946
80026,54,482,536
80027,751,5659,6410
80028,1138,8832,9970
80029,470,4317,4787
80030,90,724,814
80031,395,2802,3197
80032,119,1454,1573
80033,68,694,762
80034,57,800,857
80035,127,1418,1545
80036,257,2198,2455
80037,186,1490,1676
80038,2406,17037,19443
80039,847,6004,6851
80040,287,2671,2958
80041,35,344,379
80042,474,4272,4746
80043,1254,10856,12110
80044,255,2345,2600
80045,701,5603,6304
80046,139,1273,1412
80047,48,465,513
80048,70,766,836
80049,594,4143,4737
80050,1005,9651,10656
80051,169,2174,2343
80052,333,3214,3547
80053,561,5243,5804
80054,522,5236,5758
80055,497,4520,5017
80056,125,1991,2116
80057,1974,16095,18069
80058,46,450,496
80059,81,1009,1090
80060,696,3055,3751
80061,1107,8684,9791
80062,114,1001,1115
80063,17486,155970,173456
80064,233,1636,1869
80065,861,6860,7721
80066,9,375,384
80067,553,5702,6255
80068,107,859,966
80069,1855,12315,14170
80070,56,675,731
80071,348,2658,3006
80072,23,381,404
80073,175,2190,2365
80074,501,3005,3506
80075,74,989,1063
80076,69,435,504
80077,126,1472,1598
80078,52,747,799
80079,60,519,579
80080,36,282,318
80081,463,3383,3846
80082,162,1206,1368
80083,101,1071,1172
80084,82,778,860
80085,464,4250,4714
80086,237,2269,2506
80087,60,730,790
80088,1951,15364,17315
80089,231,1693,1924
80090,8,187,195
80091,126,1127,1253
80092,223,2220,2443
80093,1649,13344,14993
80094,43,423,466
80095,214,1834,2048
80096,1323,11729,13052
80097,437,4225,4662
81001,4550,40307,44857
81002,265,2498,2763
81003,565,5723,6288
81004,1098,10372,11470
81005,1432,13212,14644
81006,2787,27493,30280
81007,547,4810,5357
81008,2492,23881,26373
81009,343,3960,4303
81010,344,3532,3876
81011,7914,72455,80369
81012,5346,44700,50046
81013,1044,9884,10928
81014,725,6666,7391
81015,865,9136,10001
81016,110,1287,1397
81017,151,1450,1601
81018,836,9224,10060
81019,445,4430,4875
81020,426,4381,4807
81021,6208,59041,65249
81022,989,10564,11553
81023,130,1708,1838
81024,918,7119,8037
82001,307,3096,3403
82002,139,1732,1871
82003,79,1026,1105
82004,1049,7403,8452
82005,1155,8680,9835
82006,6218,46931,53149
82007,566,5750,6316
82008,204,1671,1875
82009,1500,9553,11053
82010,366,3861,4227
82011,465,3620,4085
82012,77,1189,1266
82013,889,6209,7098
82014,749,7187,7936
82015,276,3414,3690
82016,46,420,466
82017,710,6841,7551
82018,101,1085,1186
82019,339,2701,3040
82020,1462,10109,11571
82021,5256,33541,38797
82022,675,7684,8359
82023,1477,10066,11543
82024,241,2891,3132
82025,204,2709,2913
82026,106,873,979
82027,1184,12810,13994
82028,525,4446,4971
82029,204,2435,2639
82030,337,3187,3524
82031,1346,10548,11894
82032,335,3486,3821
82033,118,1437,1555
82034,1119,9575,10694
82035,1831,10932,12763
82036,502,5856,6358
82037,117,1665,1782
82038,284,1987,2271
82039,116,1630,1746
82040,110,990,1100
82041,70,817,887
82042,77,1291,1368
82043,795,6283,7078
82044,375,3296,3671
82045,611,5796,6407
82046,667,5616,6283
82047,260,2494,2754
82048,3666,24921,28587
82049,4630,32745,37375
82050,607,5272,5879
82051,223,2827,3050
82052,119,1762,1881
82053,69685,571035,640720
82054,3409,27320,30729
82055,229,2847,3076
82056,164,2356,2520
82057,479,5279,5758
82058,170,2875,3045
82059,229,2628,2857
82060,328,4064,4392
82061,130,1259,1389
82062,181,2051,2232
82063,539,4552,5091
82064,907,7340,8247
82065,110,1325,1435
82066,92,878,970
82067,1220,9732,10952
82068,307,2283,2590
82069,23,366,389
82070,2669,22713,25382
82071,1512,11016,12528
82072,516,3641,4157
82073,1057,9191,10248
82074,318,2697,3015
82075,115,1176,1291
82076,282,3041,3323
82077,168,1683,1851
82078,225,2300,2525
82079,2775,16868,19643
82080,337,2827,3164
82081,61,570,631
82082,58,853,911
83001,113,1679,1792
83002,83,611,694
83003,234,2152,2386
83004,83,753,836
83005,4409,35854,40263
83006,33,521,554
83007,607,5170,5777
83008,308,2538,2846
83009,1221,11936,13157
83010,449,3905,4354
83011,295,2809,3104
83012,58,689,747
83013,98,1088,1186
83014,241,2682,2923
83015,105,984,1089
83016,181,2059,2240
83017,190,1977,2167
83018,37,410,447
83019,257,2460,2717
83020,79,1259,1338
83021,160,1156,1316
83022,22,419,441
83023,44,939,983
83024,90,778,868
83025,342,3277,3619
83026,43,551,594
83027,297,2888,3185
83028,380,3483,3863
83029,362,2754,3116
83030,148,2225,2373
83031,25,319,344
83032,770,8377,9147
83033,602,6242,6844
83034,139,1307,1446
83035,153,1471,1624
83036,138,1370,1508
83037,64,620,684
83038,267,2455,2722
83039,137,1472,1609
83040,46,681,727
83041,1158,11176,12334
83042,112,1247,1359
83043,102,874,976
83044,41,609,650
83045,47,511,558
83046,135,1276,1411
83047,304,2042,2346
83048,21661,203885,225546
83049,2659,27225,29884
83050,100,1121,1221
83051,71,840,911
83052,386,4123,4509
83053,46,629,675
83054,210,2371,2581
83055,30,513,543
83056,126,1324,1450
83057,139,1915,2054
83058,76,718,794
83059,31,633,664
83060,266,3290,3556
83061,304,3235,3539
83062,86,1120,1206
83063,174,1888,2062
83064,653,5499,6152
83065,104,1010,1114
83066,1243,11599,12842
83067,99,1161,1260
83068,374,3458,3832
83069,46,849,895
83070,61,658,719
83071,9,172,181
83072,325,3607,3932
83073,77,931,1008
83074,39,541,580
83075,156,1812,1968
83076,583,5846,6429
83077,723,6047,6770
83078,274,3105,3379
83079,153,1665,1818
83080,210,2428,2638
83081,195,2462,2657
83082,97,1083,1180
83083,57,812,869
83084,985,11205,12190
83085,132,1355,1487
83086,459,4046,4505
83087,60,783,843
83088,241,2642,2883
83089,869,8545,9414
83090,114,1164,1278
83091,416,4073,4489
83092,304,3422,3726
83093,181,1512,1693
83094,143,1773,1916
83095,227,2325,2552
83096,407,4386,4793
83097,924,9590,10514
83098,746,6469,7215
83099,577,5375,5952
83100,60,706,766
83101,175,2528,2703
83102,62,875,937
83103,119,1179,1298
83104,397,3543,3940
83105,723,7513,8236
83106,833,6390,7223
83107,533,4960,5493
83108,464,4031,4495
84001,5240,50805,56045
84002,198,2430,2628
84003,831,8182,9013
84004,234,3115,3349
84005,207,2365,2572
84006,101,1123,1224
84007,244,3097,3341
84008,154,1806,1960
84009,604,5377,5981
84010,938,8375,9313
84011,4095,30895,34990
84012,623,6905,7528
84013,295,2390,2685
84014,282,3115,3397
84015,257,2996,3253
84016,84,800,884
84017,3534,28912,32446
84018,516,4836,5352
84019,101,1019,1120
84020,626,5747,6373
84021,3390,31799,35189
84022,210,1530,1740
84023,1123,10886,12009
84024,237,2167,2404
84025,250,2528,2778
84026,601,6554,7155
84027,2477,18884,21361
84028,1575,14243,15818
84029,752,6942,7694
84030,1264,11105,12369
84031,1127,9735,10862
84032,445,3939,4384
84033,1711,16242,17953
84034,511,5034,5545
84035,239,2738,2977
84036,789,6925,7714
84037,193,1986,2179
84038,555,5632,6187
84039,99,1092,1191
84040,297,3940,4237
84041,3915,35163,39078
84042,374,3836,4210
84043,144,1215,1359
85001,65,816,881
85002,34,478,512
85003,382,3902,4284
85004,5766,53659,59425
85005,187,2594,2781
85006,378,3564,3942
85007,7781,63754,71535
85008,130,1545,1675
85009,1017,10169,11186
85010,182,2617,2799
85011,106,1332,1438
85012,942,9169,10111
85013,2865,22738,25603
85014,144,1679,1823
85015,1218,9636,10854
85016,2154,18658,20812
85017,419,4485,4904
85018,498,5203,5701
85019,626,5944,6570
85020,88,1152,1240
85021,313,2925,3238
85022,133,1356,1489
86001,800,6999,7799
86002,340,4147,4487
86003,424,4482,4906
86004,1207,10740,11947
86005,379,3779,4158
86006,487,4091,4578
86007,472,4711,5183
86008,154,1712,1866
86009,2243,23787,26030
86010,279,3134,3413
86011,1270,11409,12679
86012,1118,11936,13054
86013,292,2592,2884
86014,1919,18923,20842
86015,654,5818,6472
86016,664,6150,6814
86017,37,647,684
86018,772,8006,8778
86019,723,6438,7161
86020,395,4053,4448
87001,415,3145,3560
87002,1642,15976,17618
87003,3240,24380,27620
87004,5031,45713,50744
87005,2192,15690,17882
87006,4296,29492,33788
87007,3618,23880,27498
87008,2961,19977,22938
87009,1909,16520,18429
87010,500,4647,5147
87011,3550,32208,35758
87012,841,4264,5105
87013,426,3947,4373
87014,290,2717,3007
87015,31647,262651,294298
87016,893,8226,9119
87017,2599,23989,26588
87018,1378,11395,12773
87019,2598,22518,25116
87020,281,2681,2962
87021,483,4611,5094
87022,371,3289,3660
87023,1513,12382,13895
87024,3812,27107,30919
87025,627,6287,6914
87026,93,943,1036
87027,404,4219,4623
87028,366,3920,4286
87029,6691,42599,49290
87030,1623,10564,12187
87031,790,6633,7423
87032,2069,14012,16081
87033,5386,40370,45756
87034,1827,12811,14638
87035,385,3630,4015
87036,332,2579,2911
87037,1214,9184,10398
87038,956,9496,10452
87039,1374,12627,14001
87040,261,2265,2526
87041,2572,20274,22846
87042,1181,10181,11362
87043,246,2816,3062
87044,1195,6836,8031
87045,875,8408,9283
87046,151,1381,1532
87047,949,6459,7408
87048,862,7499,8361
87049,1650,14584,16234
87050,1335,9795,11130
87051,1981,17781,19762
87052,910,6906,7816
87053,990,7614,8604
87054,551,5253,5804
87055,1063,8386,9449
87056,487,3425,3912
87057,481,3174,3655
87058,474,3612,4086
88001,1337,9608,10945
88002,754,7205,7959
88003,3373,26829,30202
88004,218,2609,2827
88005,1652,14538,16190
88006,5811,47827,53638
88007,211,2604,2815
88008,2218,16839,19057
88009,7097,64184,71281
88010,1183,9606,10789
88011,3006,23970,26976
88012,7624,54647,62271
89001,3191,31299,34490
89002,3164,27328,30492
89003,124,1707,1831
89004,67,908,975
89005,612,6031,6643
89006,1636,15228,16864
89007,46,680,726
89008,218,2153,2371
89009,2331,18807,21138
89010,1297,10550,11847
89011,2054,19865,21919
89012,1467,11878,13345
89013,2555,21187,23742
89014,2415,19307,21722
89015,709,7614,8323
89016,2357,18310,20667
89017,11997,106096,118093
89018,851,6766,7617
89019,757,7567,8324
89020,410,3404,3814
89021,1219,10289,11508
90001,88,1330,1418
90002,181,1631,1812
90003,3183,39112,42295
90004,41,548,589
90005,68,686,754
90006,1326,12126,13452
90007,38,498,536
90008,136,1622,1758
90009,207,2441,2648
90010,25,374,399
90011,69,885,954
90012,325,3088,3413
90013,223,3050,3273
90014,64,672,736
90015,12,257,269
90016,54,600,654
90017,435,3269,3704
90018,46,807,853
90019,30,437,467
90020,70,786,856
90021,287,3639,3926
90022,64,537,601
90023,445,5351,5796
90024,24,384,408
90025,106,1447,1553
90026,110,1188,1298
90027,47,724,771
90028,24,354,378
90029,122,1371,1493
90030,30,470,500
90031,46,734,780
90032,36,446,482
90033,743,7548,8291
90034,50,822,872
90035,842,9983,10825
90036,172,1681,1853
90037,225,2250,2475
90038,30,502,532
90039,31,446,477
90040,6,101,107
90041,246,2127,2373
90042,154,1670,1824
90043,92,738,830
90044,47,715,762
90045,113,1213,1326
90046,270,2417,2687
90047,6484,54007,60491
90048,404,3802,4206
90049,225,2894,3119
90050,199,2689,2888
90051,464,5149,5613
90052,824,9447,10271
90053,42,580,622
90054,371,3732,4103
90055,261,2695,2956
90056,221,2081,2302
90057,422,3993,4415
90058,1938,19505,21443
90059,178,2299,2477
90060,58,651,709
90061,29,476,505
90062,76,1119,1195
90063,372,4728,5100
90064,10307,113804,124111
90065,102,1199,1301
90066,2,127,129
90067,606,6437,7043
90068,66,741,807
90069,1296,13125,14421
90070,1030,12447,13477
90071,242,2600,2842
90072,238,2114,2352
90073,77,836,913
90074,152,2113,2265
90075,146,1339,1485
90076,262,2613,2875
90077,440,3844,4284
90078,166,2012,2178
90079,332,3957,4289
90080,242,2007,2249
90081,149,1702,1851
90082,118,1543,1661
90083,202,2209,2411
90084,353,3263,3616
90085,130,1324,1454
90086,47,556,603
90087,94,1232,1326
90088,45,660,705
90089,106,1459,1565
90090,177,1891,2068
90091,455,4807,5262
90092,405,4629,5034
91001,88,1149,1237
91002,202,2096,2298
91003,65,992,1057
91004,48,712,760
91005,347,3526,3873
91006,321,3201,3522
91007,42,539,581
91008,39,469,508
91009,222,2466,2688
91010,160,2344,2504
91011,189,1837,2026
91012,64,1188,1252
91016,165,2027,2192
91017,883,7519,8402
91018,38,551,589
91019,51,510,561
91024,361,3385,3746
91025,40,690,730
91026,112,1222,1334
91027,259,2157,2416
91028,218,2327,2545
91031,154,1144,1298
91032,182,1864,2046
91033,219,2038,2257
91035,352,2776,3128
91037,449,4697,5146
91038,14,460,474
91039,136,1148,1284
91040,56,449,505
91041,73,1504,1577
91042,180,1959,2139
91043,76,1212,1288
91044,715,8965,9680
91046,285,2147,2432
91047,105,1556,1661
91050,18,279,297
91051,2788,31748,34536
91055,571,6165,6736
91056,90,1134,1224
91057,49,744,793
91058,28,343,371
91059,68,642,710
91060,93,796,889
91061,220,2539,2759
91062,363,3695,4058
91063,684,6243,6927
91064,177,1754,1931
91066,56,1024,1080
91067,162,2055,2217
91068,24,194,218
91069,51,682,733
91070,180,2066,2246
91071,155,1388,1543
91072,112,1659,1771
91073,302,2755,3057
91077,125,1511,1636
91083,175,1873,2048
91084,139,1502,1641
91085,1144,10281,11425
91086,116,1455,1571
91088,115,859,974
91089,385,3499,3884
91090,41,572,613
91091,24,430,454
91093,115,1744,1859
91094,276,2465,2741
91095,1016,9771,10787
91097,103,981,1084
91098,120,1279,1399
91099,79,1099,1178
91100,23,469,492
91101,228,2817,3045
91103,210,1766,1976
91104,25,287,312
92003,2458,23663,26121
92009,10699,138775,149474
92011,2021,20414,22435
92015,802,7461,8263
92037,786,7123,7909
92050,587,6530,7117
92051,5643,62180,67823
92066,418,4752,5170
92068,2403,26228,28631
92074,2247,18590,20837
92075,750,6087,6837
92080,1705,15295,17000
92090,979,7737,8716
92099,238,1924,2162
92105,1237,11847,13084
92108,837,8412,9249
92109,1460,17829,19289
93001,19,249,268
93002,145,1157,1302
93004,757,7924,8681
93005,1800,13757,15557
93006,14,223,237
93007,995,8233,9228
93008,249,2270,2519
93009,590,5740,6330
93010,845,7376,8221
93011,46,776,822
93012,137,1347,1484
93013,550,4583,5133
93014,20,330,350
93015,49,834,883
93016,16,373,389
93017,1582,16144,17726
93018,269,2432,2701
93019,26,344,370
93020,144,1351,1495
93021,1292,10387,11679
93022,1584,11036,12620
93024,29,539,568
93025,1232,10354,11586
93026,106,1428,1534
93027,377,3891,4268
93028,250,2455,2705
93029,827,6823,7650
93030,147,1350,1497
93031,271,2828,3099
93032,1388,13611,14999
93033,4933,46635,51568
93034,977,7419,8396
93035,428,2974,3402
93036,581,5344,5925
93037,1987,17855,19842
93038,399,4073,4472
93039,110,1294,1404
93040,412,3752,4164
93041,1548,13609,15157
93042,207,1980,2187
93043,708,5640,6348
93044,1176,10785,11961
93045,3,281,284
93046,14,329,343
93047,177,1612,1789
93049,55,648,703
93050,148,1139,1287
93051,865,7487,8352
93052,205,1464,1669
93053,350,3554,3904
94001,29,366,395
94002,384,4499,4883
94003,67,599,666
94004,52,628,680
94005,60,673,733
94006,41,786,827
94007,96,1182,1278
94008,81,983,1064
94009,30,282,312
94010,139,1459,1598
94011,3,147,150
94012,27,446,473
94013,1,102,103
94014,66,1125,1191
94015,10,189,199
94016,65,860,925
94017,110,1202,1312
94018,15,154,169
94019,33,535,568
94020,29,613,642
94021,152,1677,1829
94022,274,2648,2922
94023,1992,18980,20972
94024,81,574,655
94025,134,926,1060
94026,117,1561,1678
94027,85,878,963
94028,216,2116,2332
94029,31,471,502
94030,157,1910,2067
94031,159,1431,1590
94032,68,755,823
94033,18,225,243
94034,36,408,444
94035,20,628,648
94036,17,290,307
94037,37,563,600
94038,210,1980,2190
94039,76,968,1044
94040,46,844,890
94041,31,480,511
94042,86,1004,1090
94043,21,418,439
94044,155,1218,1373
94045,51,629,680
94046,25,327,352
94047,20,252,272
94048,28,573,601
94049,29,657,686
94050,204,2003,2207
94051,31,612,643
94052,1106,10031,11137
95001,235,2321,2556
95002,32,377,409
95003,14,228,242
95004,73,1272,1345
95005,17,328,345
95006,320,3506,3826
95007,42,763,805
95008,23,332,355
95009,19,297,316
95010,6,74,80
95011,88,1142,1230
95012,33,540,573
95013,47,606,653
95014,7,127,134
95015,158,1379,1537
95016,11,149,160
95017,66,1147,1213
95018,759,8198,8957
95019,163,2361,2524
95020,47,814,861
95021,339,4023,4362
95022,19,436,455
95023,40,683,723
95024,56,772,828
95025,359,4285,4644
95026,64,963,1027
95027,128,1373,1501
95028,36,379,415
95029,270,3734,4004
95030,32,641,673
95031,146,1544,1690
95032,36,600,636
95033,99,1085,1184
95034,28,430,458
95035,153,1559,1712
95036,17,312,329
95037,79,1075,1154
95038,2145,28238,30383
95039,154,1341,1495
95040,17,271,288
95041,170,1960,2130
95042,16,213,229
95043,153,1934,2087
95044,40,581,621
95045,205,2683,2888
95046,212,2307,2519
95047,371,4319,4690
95048,11,326,337
95049,193,2080,2273
95050,162,2260,2422
95051,112,1354,1466
95052,163,1879,2042
95053,144,1566,1710
95054,20,409,429
95055,10,149,159
95056,60,829,889
95057,44,738,782
95058,13,284,297
95059,147,2010,2157
95060,24,458,482
95061,19,206,225
95062,196,2105,2301
95063,21,329,350
95064,8,136,144
95065,824,9110,9934
95066,65,873,938
95067,70,1054,1124
95068,31,460,491
95069,213,2566,2779
95070,43,685,728
95071,20,281,301
95072,99,1426,1525
95073,12,282,294
95074,107,1043,1150
95075,75,934,1009
95076,29,322,351
95077,25,286,311
95078,10,110,120
95079,622,7047,7669
95080,36,401,437
95082,87,1625,1712
95083,31,551,582
95084,9,145,154
95085,33,411,444
95086,29,168,197
95087,67,958,1025
95088,11,229,240
96001,27,291,318
96002,205,2792,2997
96003,109,1024,1133
96004,3484,40179,43663
96005,69,822,891
96006,85,786,871
96007,151,1829,1980
96008,13,128,141
96009,21,287,308
96010,80,1042,1122
96012,584,6715,7299
96013,15,171,186
96014,27,365,392
96015,72,717,789
96016,322,3207,3529
96018,275,2536,2811
96019,105,1568,1673
96020,1128,13021,14149
96021,105,1319,1424
96023,38,416,454
96024,50,662,712
96025,54,485,539
96026,291,3386,3677
96027,10,99,109
96028,117,1379,1496
96030,13,363,376
96031,49,475,524
96032,143,1796,1939
96033,30,464,494
96034,56,507,563
96035,291,3389,3680
96037,125,1200,1325
96038,41,544,585
96039,50,878,928
96040,309,3471,3780
96041,185,2462,2647
96042,95,1389,1484
96043,25,450,475
96044,8,170,178
96046,148,1891,2039
96047,322,3445,3767
96048,63,1073,1136
96049,137,2171,2308
96050,154,1863,2017
96053,122,1316,1438
96054,60,793,853
96055,4,100,104
96056,111,1438,1549
96057,51,509,560
96058,173,1711,1884
96059,191,2412,2603
96063,124,1214,1338
96064,59,693,752
96065,74,943,1017
96066,76,861,937
96067,17,254,271
96068,216,2207,2423
96069,24,184,208
96071,190,2201,2391
96072,21,185,206
96074,52,853,905
96075,46,433,479
96076,120,1111,1231
96077,617,7068,7685
96078,10,317,327
96079,16,175,191
96080,119,1271,1390
96081,35,357,392
96082,75,1058,1133
96083,81,906,987
96085,206,2456,2662
96086,38,468,506
96087,211,1808,2019
96088,749,9740,10489
97001,290,2900,3190
97002,264,2518,2782
97003,247,2036,2283
97004,488,3649,4137
97005,247,2117,2364
97006,476,4515,4991
97007,110,1162,1272
97008,294,3162,3456
97009,343,2968,3311
97010,403,4059,4462
97011,333,2540,2873
97012,615,4798,5413
97013,1292,12288,13580
97014,118,1266,1384
97015,75,766,841
97016,1385,11569,12954
97017,507,3866,4373
97018,48,474,522
97019,282,2323,2605
97020,351,3410,3761
97021,262,2102,2364
97022,350,3415,3765
97023,848,7103,7951
97024,171,1560,1731
97025,92,1068,1160
97026,579,4185,4764
97027,29,246,275
97028,158,1533,1691
97029,150,1499,1649
97030,226,2363,2589
97031,291,2240,2531
97032,18,303,321
97033,102,1118,1220
97034,47,647,694
97035,90,675,765
97036,806,7648,8454
97037,293,2216,2509
97038,279,2396,2675
97039,246,2236,2482
97040,206,1738,1944
97042,4300,43115,47415
97043,197,1926,2123
97044,617,4433,5050
97045,437,3822,4259
97046,796,9278,10074
97047,34,346,380
97048,1404,12976,14380
97049,955,7733,8688
97050,35,429,464
97051,394,3148,3542
97052,167,1708,1875
97053,289,2405,2694
97054,377,3706,4083
97055,2,27,29
97056,414,3204,3618
97057,1028,7942,8970
97058,713,5635,6348
97059,698,6255,6953
97060,90,1142,1232
97061,481,4263,4744
97062,426,3419,3845
97063,13,311,324
97064,5,126,131
97065,211,1701,1912
97067,64,812,876
97068,229,1965,2194
97069,231,1951,2182
97070,292,1965,2257
97071,725,5479,6204
97072,316,2760,3076
97074,227,1913,2140
97075,253,2075,2328
97076,282,2529,2811
97077,9,137,146
97078,209,1560,1769
97079,53,485,538
97082,356,3046,3402
97083,1123,10115,11238
97084,64,673,737
97086,241,2514,2755
97090,236,1863,2099
97091,584,4905,5489
97092,471,4158,4629
97093,31,471,502
98001,22,261,283
98002,107,943,1050
98003,213,1509,1722
98004,473,3832,4305
98005,305,2114,2419
98006,255,2396,2651
98008,369,2571,2940
98009,382,2790,3172
98010,1573,13485,15058
98011,113,1402,1515
98012,376,2608,2984
98013,121,1412,1533
98014,377,4104,4481
98015,386,2476,2862
98017,202,1906,2108
98018,268,1905,2173
98019,1544,13696,15240
98020,283,1954,2237
98021,263,2591,2854
98022,110,1003,1113
98023,14,187,201
98024,145,1389,1534
98025,270,1931,2201
98026,242,2019,2261
98027,160,1129,1289
98028,259,2319,2578
98029,262,2358,2620
98030,238,2170,2408
98031,4360,40214,44574
98032,844,6573,7417
98033,11,54,65
98034,169,1187,1356
98035,251,2754,3005
98036,216,1539,1755
98037,525,3823,4348
98038,37,406,443
98039,189,1509,1698
98040,246,1998,2244
98041,667,5155,5822
98042,208,1810,2018
98043,237,1722,1959
98044,143,1256,1399
98045,176,1520,1696
98046,248,2348,2596
98047,171,1655,1826
98048,392,3286,3678
98049,319,3013,3332
98050,1520,11823,13343
98051,189,1665,1854
98052,200,1717,1917
98053,168,1608,1776
98054,470,3375,3845
98055,439,2992,3431
98056,628,5149,5777
98057,96,815,911
98058,158,1375,1533
98059,214,1510,1724
98060,239,1602,1841
98061,922,6503,7425
98062,154,1331,1485
99001,2005,17297,19302
99002,1471,15331,16802
99003,1102,9372,10474
99004,97,1016,1113
99005,1453,12176,13629
99006,106,1234,1340
99008,229,1993,2222
99009,91,897,988
99011,767,6356,7123
99013,3117,31542,34659
99014,14474,134214,148688
99015,297,2721,3018
99016,741,4883,5624
99017,1001,8462,9463
99018,2280,19882,22162
99020,1062,8943,10005
99021,31,344,375
99022,60,724,784
99023,632,6397,7029
99024,194,2451,2645
99025,310,2544,2854
99026,137,1919,2056
99027,99,974,1073
99028,590,4591,5181
99029,851,6018,6869
100001,267,2813,3080
100002,1541,13173,14714
100003,1990,16811,18801
100004,1064,8787,9851
100005,20389,173179,193568
100006,858,9108,9966
100007,520,5547,6067
101001,192,1889,2081
101002,153,1430,1583
101003,20,502,522
101004,217,2226,2443
101005,61,829,890
101006,68,985,1053
101007,233,2312,2545
101008,1667,12610,14277
101009,604,4787,5391
101010,6534,53578,60112
101011,276,2618,2894
101012,1039,8788,9827
101013,2466,15197,17663
101014,362,2949,3311
101015,738,5325,6063
101016,57,983,1040
101017,1036,7779,8815
101018,310,2845,3155
101019,642,4832,5474
101020,199,1812,2011
101021,39,686,725
101022,208,1745,1953
101023,64,1018,1082
101024,302,2622,2924
101025,699,5632,6331
101026,66,694,760
101027,152,1540,1692
102001,161,1784,1945
102002,87,1192,1279
102003,369,3800,4169
102004,57,615,672
102005,74,891,965
102006,279,2807,3086
102007,134,974,1108
102008,165,1753,1918
102009,149,1893,2042
102010,183,1844,2027
102011,463,4544,5007
102012,203,1577,1780
102013,137,1211,1348
102014,169,1677,1846
102015,196,1424,1620
102016,171,1791,1962
102017,685,3724,4409
102018,131,1630,1761
102019,348,2983,3331
102020,189,1854,2043
102021,632,5839,6471
102022,50,616,666
102023,120,1455,1575
102024,129,1044,1173
102025,517,5479,5996
102026,124,1138,1262
102027,867,8178,9045
102028,95,899,994
102029,56,844,900
102030,498,4481,4979
102031,501,3941,4442
102032,427,3565,3992
102033,227,1885,2112
102034,344,2245,2589
102035,112,1133,1245
102036,324,2553,2877
102037,704,5752,6456
102038,93,831,924
102039,135,1001,1136
102040,294,1996,2290
102041,81,714,795
102042,105,1321,1426
102043,260,2097,2357
102044,481,5570,6051
102045,87,647,734
102046,95,867,962
102047,3070,28027,31097
102048,56,641,697
102049,207,1555,1762
102050,185,1717,1902
103001,25,372,397
103002,28,366,394
103003,157,1803,1960
103004,14,227,241
103005,3,102,105
103006,72,809,881
103007,31,423,454
103008,430,4418,4848
103009,68,696,764
103010,22,469,491
103011,128,1304,1432
103012,10,179,189
103013,72,671,743
103014,30,538,568
103015,147,1425,1572
103016,43,838,881
103017,463,4635,5098
103018,4,167,171
103019,295,3130,3425
103021,11,291,302
103022,46,542,588
103023,69,582,651
103024,71,683,754
103025,418,4079,4497
103026,112,1296,1408
103028,1481,16449,17930
103029,132,929,1061
103031,29,416,445
103032,11,171,182
103033,169,2154,2323
103034,106,974,1080
103035,754,6891,7645
103036,11,174,185
103037,13,94,107
103038,13,206,219
103039,32,500,532
103040,19,373,392
103041,107,1257,1364
103042,136,1322,1458
103043,8,112,120
103044,179,1962,2141
103045,19,348,367
103046,117,1136,1253
103047,20,360,380
103048,73,776,849
103049,74,779,853
103050,1200,13250,14450
103051,347,3030,3377
103052,97,1019,1116
103053,114,1369,1483
103054,210,2283,2493
103055,55,713,768
103056,46,499,545
103057,115,1758,1873
103058,17,235,252
103059,25,340,365
103060,66,616,682
103061,90,1157,1247
103062,111,1178,1289
103064,317,4283,4600
103065,73,647,720
103066,39,362,401
103067,10,164,174
103068,125,1517,1642
103069,101,1101,1202
103070,25,359,384
103071,165,1788,1953
103072,2459,27645,30104
103074,112,1091,1203
103075,497,5765,6262
103076,26,240,266
103077,113,1629,1742
103078,18,278,296
103079,20,456,476
108001,1644,13545,15189
108002,200,1880,2080
108003,630,5798,6428
108004,1764,16069,17833
108005,716,6170,6886
108006,758,6526,7284
108007,1296,9962,11258
108008,1408,14061,15469
108009,1145,10956,12101
108010,1799,15093,16892
108011,617,5447,6064
108012,3600,31188,34788
108013,398,3864,4262
108014,212,1938,2150
108015,1748,15814,17562
108016,739,6766,7505
108017,894,6475,7369
108018,717,5888,6605
108019,4105,33906,38011
108020,862,7584,8446
108021,1677,13966,15643
108022,399,2634,3033
108023,4561,37093,41654
108024,2908,23022,25930
108025,752,7000,7752
108026,920,7583,8503
108027,3759,30308,34067
108028,5385,40613,45998
108029,770,6629,7399
108030,2233,20636,22869
108031,508,3903,4411
108032,638,4906,5544
108033,12303,111680,123983
108034,2441,21170,23611
108035,2409,20883,23292
108036,608,4574,5182
108037,412,3647,4059
108038,345,3173,3518
108039,4662,40080,44742
108040,2668,20567,23235
108041,859,7414,8273
108042,505,3885,4390
108043,950,7690,8640
108044,1107,9300,10407
108045,1439,12063,13502
108046,661,6786,7447
108047,408,3856,4264
108048,935,8131,9066
108049,1332,12631,13963
108050,2493,23340,25833
108051,795,5914,6709
108052,555,4531,5086
108053,1165,9445,10610
108054,1662,14210,15872
108055,729,4023,4752
109001,414,3095,3509
109002,237,3130,3367
109003,50,550,600
109004,174,1724,1898
109005,270,2918,3188
109006,3174,33212,36386
109007,73,887,960
109008,301,2925,3226
109009,88,1078,1166
109010,146,1285,1431
109011,84,809,893
109012,59,569,628
109013,129,1498,1627
109014,27,353,380
109015,73,1021,1094
109016,61,696,757
109017,605,5930,6535
109018,1249,11385,12634
109019,18,347,365
109020,48,668,716
109021,14,314,328
109022,185,1923,2108
109023,209,2119,2328
109024,799,7212,8011
109025,29,368,397
109026,58,620,678
109027,72,820,892
109028,38,509,547
109029,61,667,728
109030,292,2520,2812
109031,148,2071,2219
109032,165,1487,1652
109033,1419,14519,15938
109034,2585,23065,25650
109035,204,1733,1937
109036,96,1160,1256
109037,1655,15242,16897
109038,167,2074,2241
109039,25,306,331
109040,171,1767,1938
110001,10705,87237,97942
110002,9581,83346,92927
110003,5702,48692,54394
110004,2615,25955,28570
110005,971,10332,11303
110006,691,7718,8409
110007,1513,12289,13802
110008,537,5609,6146
110009,5436,49739,55175
110010,1681,12336,14017
111001,400,5486,5886
111002,21,415,436
111003,51,683,734
111004,113,1001,1114
111005,86,1115,1201
111006,78,969,1047
111007,250,2462,2712
111008,237,2585,2822
111009,1813,24659,26472
111010,404,5556,5960
111011,141,1522,1663
111012,48,743,791
111013,426,3843,4269
111014,959,8636,9595
111015,117,1508,1625
111016,438,5555,5993
111017,166,1811,1977
111018,185,1920,2105
111019,34,511,545
111020,34,543,577
111021,169,2615,2784
111022,115,1439,1554
111023,45,746,791
111024,20,290,310
111025,82,1081,1163
111026,46,751,797
111027,101,1096,1197
111028,132,1799,1931
111029,27,439,466
111030,367,4434,4801
111031,529,5801,6330
111032,82,860,942
111033,199,2385,2584
111034,907,10478,11385
111035,1832,23770,25602
111036,181,2343,2524
111037,13,206,219
111038,107,1548,1655
111039,173,1898,2071
111040,68,1185,1253
111041,420,4142,4562
111042,388,4832,5220
111043,126,1395,1521
111044,226,2918,3144
111045,55,798,853
111046,61,1127,1188
111047,183,2248,2431
111048,180,1903,2083
111049,80,1393,1473
111050,148,1940,2088
111051,78,793,871
111052,153,2447,2600
111053,35,540,575
111054,96,1256,1352
111055,104,1044,1148
111056,69,753,822
111057,373,4533,4906
111058,68,846,914
111059,366,4564,4930
111060,122,1436,1558
111061,111,1061,1172
111062,613,7611,8224
111063,449,5256,5705
111064,53,678,731
111065,884,7500,8384
111066,261,3243,3504
111067,650,7658,8308
111068,226,3038,3264
111069,144,1557,1701
111070,204,2487,2691
111071,786,10028,10814
111072,325,3601,3926
111073,76,1047,1123
111074,101,1225,1326
111075,420,4362,4782
111076,282,2410,2692
111077,706,8009,8715
111078,386,4286,4672
111079,37,587,624
111080,10,127,137
111081,82,1140,1222
111082,63,731,794
111083,25,588,613
111084,276,3398,3674
111085,69,1044,1113
111086,171,1714,1885
111087,160,1690,1850
111088,94,1011,1105
111089,196,3188,3384
111090,64,955,1019
111091,56,910,966
111092,26,375,401
111093,350,3708,4058
111094,23,477,500
111095,131,1722,1853
111096,1233,12073,13306
111097,205,2317,2522
111098,244,3236,3480
111099,82,959,1041
111100,41,624,665
111101,68,1151,1219
111102,80,952,1032
111103,297,4273,4570
111104,60,934,994
111105,302,3388,3690
111106,560,6169,6729
111107,293,2284,2577
