pro_com_t,<5,>=5,totale
1001,87,2458,2545
1002,139,3494,3633
1003,13,446,459
1004,57,1581,1638
1006,217,6138,6355
1007,2,233,235
1008,465,16019,16484
1009,87,1926,2013
1010,13,475,488
1011,20,818,838
1012,38,1042,1080
1013,402,11949,12351
1014,41,1194,1235
1015,29,758,787
1016,104,2960,3064
1017,19,514,533
1018,110,3561,3671
1019,0,110,110
1020,99,3013,3112
1021,50,1535,1585
1022,94,2984,3078
1023,13,546,559
1024,584,16948,17532
1025,113,3279,3392
1026,19,518,537
1027,63,2034,2097
1028,455,11318,11773
1029,29,563,592
1030,109,3481,3590
1031,24,748,772
1032,86,2101,2187
1033,123,2951,3074
1034,391,8407,8798
1035,184,4380,4564
1036,10,392,402
1037,10,439,449
1038,286,8189,8475
1039,44,1438,1482
1040,51,1436,1487
1041,47,1282,1329
1042,30,1104,1134
1043,71,1551,1622
1044,172,5531,5703
1045,220,6072,6292
1046,84,3250,3334
1047,244,7100,7344
1048,182,5733,5915
1049,58,1275,1333
1050,40,1179,1219
1051,229,5398,5627
1052,8,269,277
1053,81,2493,2574
1054,16,572,588
1055,74,1983,2057
1056,24,877,901
1057,30,709,739
1058,315,8736,9051
1059,1198,27201,28399
1060,49,1813,1862
1061,54,1478,1532
1062,107,2898,3005
1063,552,13197,13749
1064,47,1708,1755
1065,80,2085,2165
1066,350,9317,9667
1067,11,405,416
1068,233,6213,6446
1069,80,2157,2237
1070,201,5184,5385
1071,55,1706,1761
1072,21,1011,1032
1073,4,163,167
1074,21,892,913
1075,7,346,353
1076,43,1526,1569
1077,55,1966,2021
1078,1255,34746,36001
1079,14,219,233
1080,20,840,860
1081,50,1515,1565
1082,991,25506,26497
1083,10,350,360
1084,13,229,242
1085,2,319,321
1086,591,17670,18261
1087,9,193,202
1088,46,1403,1449
1089,83,3088,3171
1090,1675,47072,48747
1091,14,298,312
1092,22,569,591
1093,133,4294,4427
1094,101,2981,3082
1095,8,435,443
1096,31,906,937
1097,269,7518,7787
1098,319,9094,9413
1099,329,8493,8822
1100,3,241,244
1101,214,4908,5122
1102,96,2082,2178
1103,11,472,483
1104,72,2568,2640
1105,11,740,751
1106,86,2169,2255
1107,124,3147,3271
1108,6,268,274
1109,44,1583,1627
1110,80,2761,2841
1111,22,522,544
1112,348,9041,9389
1113,25,1092,1117
1114,16,578,594
1115,453,15715,16168
1116,161,3842,4003
1117,10,655,665
1118,4,190,194
1119,22,951,973
1120,1208,35993,37201
1121,1,44,45
1122,18,671,689
1123,12,359,371
1124,10,399,409
1125,678,22161,22839
1126,53,1713,1766
1127,382,8401,8783
1128,139,4739,4878
1129,39,1383,1422
1130,721,15588,16309
1131,8,177,185
1132,42,1753,1795
1133,20,409,429
1134,22,1360,1382
1135,43,1626,1669
1136,49,1017,1066
1137,37,1112,1149
1139,203,6893,7096
1140,20,472,492
1141,19,528,547
1142,34,1117,1151
1143,12,401,413
1144,38,1268,1306
1145,1,55,56
1146,104,3691,3795
1147,24,623,647
1148,152,4017,4169
1149,14,795,809
1150,56,1227,1283
1152,19,741,760
1153,10,373,383
1154,25,614,639
1155,6,325,331
1156,2118,54201,56319
1157,1,40,41
1158,18,705,723
1159,23,962,985
1160,101,3248,3349
1161,174,4945,5119
1162,30,812,842
1163,30,822,852
1164,1668,44844,46512
1165,0,107,107
1166,243,6527,6770
1167,9,282,291
1168,299,7550,7849
1169,16,510,526
1170,54,1399,1453
1171,848,22213,23061
1172,22,742,764
1173,49,1124,1173
1174,29,900,929
1175,112,3152,3264
1176,38,1149,1187
1177,27,815,842
1178,72,1933,2005
1179,8,411,419
1180,37,1087,1124
1181,108,3572,3680
1183,132,3860,3992
1184,106,3027,3133
1185,16,505,521
1186,8,592,600
1187,24,723,747
1188,15,614,629
1189,589,14857,15446
1190,91,2752,2843
1191,1291,34189,35480
1192,229,8052,8281
1193,154,3669,3823
1194,679,17423,18102
1195,140,3195,3335
1196,41,1292,1333
1197,413,9789,10202
1198,33,937,970
1199,101,3015,3116
1200,45,1031,1076
1201,29,733,762
1202,10,242,252
1203,86,1805,1891
1204,4,219,223
1205,36,1214,1250
1206,22,716,738
1207,14,446,460
1208,6,321,327
1209,5,333,338
1210,33,964,997
1211,58,1705,1763
1212,0,48,48
1213,33,1091,1124
1214,776,19351,20127
1215,188,4546,4734
1216,99,2428,2527
1217,475,11827,12302
1218,36,1506,1542
1219,1498,46309,47807
1220,113,2929,3042
1221,50,1614,1664
1222,71,1891,1962
1223,87,2519,2606
1224,9,287,296
1225,72,1795,1867
1226,5,223,228
1227,23,766,789
1228,189,4855,5044
1229,65,2287,2352
1230,19,758,777
1231,61,1748,1809
1232,27,582,609
1233,12,450,462
1234,1,74,75
1235,35,1466,1501
1236,246,5709,5955
1237,122,3858,3980
1238,5,357,362
1239,10,502,512
1240,186,4653,4839
1241,121,3562,3683
1242,57,1650,1707
1243,121,3052,3173
1244,86,2434,2520
1245,32,946,978
1246,108,3139,3247
1247,22,789,811
1248,375,9769,10144
1249,552,18037,18589
1250,56,1383,1439
1251,6,251,257
1252,87,3011,3098
1253,60,1795,1855
1254,134,3481,3615
1255,157,4440,4597
1256,130,3930,4060
1257,422,10134,10556
1258,8,242,250
1259,28,1053,1081
1260,129,3097,3226
1261,23,783,806
1262,46,1386,1432
1263,23,899,922
1264,10,457,467
1265,1537,44811,46348
1266,58,1455,1513
1267,31,902,933
1268,5,261,266
1269,197,5895,6092
1270,175,5817,5992
1271,19,755,774
1272,30690,827515,858205
1273,120,2854,2974
1274,19,597,616
1275,157,4397,4554
1276,139,3649,3788
1278,8,315,323
1279,13,493,506
1280,363,10248,10611
1281,4,176,180
1282,5,195,200
1283,50,1348,1398
1284,145,3820,3965
1285,33,914,947
1286,36,752,788
1287,114,2877,2991
1288,4,89,93
1289,29,816,845
1290,48,1395,1443
1291,24,853,877
1292,1019,31663,32682
1293,169,4597,4766
1294,36,1304,1340
1295,16,749,765
1296,10,232,242
1298,11,484,495
1299,172,4898,5070
1300,145,4344,4489
1301,44,1150,1194
1302,121,3346,3467
1303,89,2696,2785
1304,37,959,996
1305,51,1897,1948
1306,27,1018,1045
1307,116,3772,3888
1308,149,4355,4504
1309,643,14427,15070
1310,51,1100,1151
1311,26,1163,1189
1312,13,505,518
1313,32,989,1021
1314,606,14561,15167
1315,322,8173,8495
1316,276,7078,7354
1317,30,1206,1236
1318,20,967,987
2002,34,691,725
2003,13,296,309
2004,73,2433,2506
2006,30,814,844
2007,39,1350,1389
2008,9,108,117
2009,7,213,220
2011,62,1786,1848
2014,5,155,160
2015,68,2192,2260
2016,316,11934,12250
2017,89,2139,2228
2021,27,810,837
2025,14,200,214
2029,0,73,73
2030,35,1004,1039
2031,39,1057,1096
2032,21,745,766
2033,5,218,223
2035,2,290,292
2041,0,52,52
2042,131,4152,4283
2043,5,234,239
2045,1,85,86
2047,23,725,748
2048,6,246,252
2049,232,7379,7611
2052,10,384,394
2054,47,1014,1061
2057,1,184,185
2058,25,1054,1079
2059,26,469,495
2061,220,7352,7572
2062,28,786,814
2065,8,332,340
2066,8,331,339
2067,19,490,509
2068,23,774,797
2070,12,514,526
2071,153,4030,4183
2072,25,775,800
2078,5,90,95
2079,41,1339,1380
2082,17,721,738
2088,29,754,783
2089,5,208,213
2090,28,1070,1098
2091,5,267,272
2093,40,1226,1266
2096,1,137,138
2097,5,181,186
2102,13,558,571
2104,29,690,719
2107,87,3791,3878
2108,15,380,395
2110,1,66,67
2113,3,125,128
2115,9,417,426
2116,57,2226,2283
2118,15,529,544
2121,7,176,183
2122,27,885,912
2126,9,192,201
2127,2,96,98
2128,109,3683,3792
2131,56,1418,1474
2133,260,7862,8122
2134,11,362,373
2135,13,353,366
2137,129,4588,4717
2142,42,1136,1178
2147,16,656,672
2148,218,6553,6771
2150,119,3264,3383
2152,41,1841,1882
2156,194,6737,6931
2158,1790,43635,45425
2163,4,394,398
2164,49,1468,1517
2166,7,151,158
2170,2,147,149
2171,25,916,941
3001,34,1517,1551
3002,31,853,884
3006,56,2046,2102
3008,425,13371,13796
3012,14,733,747
3016,414,9041,9455
3018,67,1261,1328
3019,21,1108,1129
3021,53,1240,1293
3022,39,1118,1157
3023,64,1903,1967
3024,775,20608,21383
3025,222,4937,5159
3026,60,2741,2801
3027,38,1049,1087
3030,80,2424,2504
3032,360,10348,10708
3036,91,2372,2463
3037,42,939,981
3039,29,876,905
3040,52,1474,1526
3041,41,831,872
3042,10,308,318
3043,363,9457,9820
3044,6,380,386
3045,45,1127,1172
3047,52,1250,1302
3049,277,6368,6645
3051,21,493,514
3052,34,1188,1222
3055,56,1563,1619
3058,97,2490,2587
3060,45,1355,1400
3062,78,2483,2561
3065,63,1914,1977
3066,80,2499,2579
3068,690,14826,15516
3069,64,1336,1400
3070,57,1693,1750
3073,104,3269,3373
3076,146,5257,5403
3077,46,1290,1336
3079,118,4189,4307
3082,136,4161,4297
3083,8,538,546
3084,60,2105,2165
3088,53,1548,1601
3090,7,217,224
3091,47,1539,1586
3093,39,1085,1124
3095,78,2322,2400
3097,42,1171,1213
3098,18,778,796
3100,73,2339,2412
3103,48,1722,1770
3104,29,771,800
3106,3908,98317,102225
3108,604,13544,14148
3109,75,2074,2149
3112,19,1260,1279
3114,72,2075,2147
3115,18,873,891
3116,37,1275,1312
3119,15,794,809
3120,37,1333,1370
3121,76,2055,2131
3122,56,1788,1844
3129,36,905,941
3130,135,3616,3751
3131,271,5324,5595
3133,97,2904,3001
3134,30,715,745
3135,84,1935,2019
3138,12,543,555
3139,46,1336,1382
3140,32,691,723
3141,37,1052,1089
3143,92,2616,2708
3144,20,443,463
3146,24,858,882
3149,950,19445,20395
3153,31,931,962
3154,172,4675,4847
3158,62,1944,2006
3159,23,845,868
3164,16,522,538
3166,159,5072,5231
4001,5,148,153
4002,3,207,210
4003,1151,30099,31250
4004,7,227,234
4005,7,132,139
4006,1,77,78
4007,1,195,196
4008,37,958,995
4009,192,5646,5838
4010,28,1021,1049
4011,29,588,617
4012,287,7210,7497
4013,27,655,682
4014,21,618,639
4015,3,206,209
4016,178,3248,3426
4017,2,95,97
4018,19,319,338
4019,157,3477,3634
4020,22,461,483
4021,0,54,54
4022,211,3996,4207
4023,5,91,96
4024,18,367,385
4025,524,11915,12439
4026,6,168,174
4027,17,625,642
4028,381,9255,9636
4029,1226,28342,29568
4030,9,289,298
4031,1,40,41
4032,3,260,263
4033,32,977,1009
4034,460,9618,10078
4035,10,568,578
4037,230,5282,5512
4038,3,76,79
4039,3,93,96
4040,271,6492,6763
4041,152,2880,3032
4042,43,1095,1138
4043,165,4148,4313
4044,7,164,171
4045,42,1361,1403
4046,76,2130,2206
4047,6,146,152
4049,67,1295,1362
4050,4,305,309
4051,28,877,905
4052,7,279,286
4053,1,58,59
4054,2,98,100
4055,34,667,701
4056,22,810,832
4057,15,448,463
4058,40,628,668
4059,242,5205,5447
4060,4,78,82
4061,292,6585,6877
4062,76,1931,2007
4063,10,400,410
4064,246,4897,5143
4065,99,2143,2242
4066,244,5348,5592
4067,438,8963,9401
4068,116,3461,3577
4069,7,178,185
4070,3,79,82
4071,28,784,812
4072,73,2047,2120
4073,78,2166,2244
4074,34,894,928
4075,146,3187,3333
4076,20,354,374
4077,6,148,154
4078,2044,53778,55822
4079,60,1835,1895
4080,164,3440,3604
4081,172,4400,4572
4082,286,6695,6981
4083,3,84,87
4084,20,757,777
4085,63,1883,1946
4086,60,1634,1694
4087,15,452,467
4088,10,287,297
4089,999,23334,24333
4090,14,729,743
4091,50,1538,1588
4092,9,255,264
4093,13,553,566
4094,15,326,341
4095,60,2842,2902
4096,116,2489,2605
4097,7,250,257
4098,1,123,124
4099,90,2170,2260
4100,97,1898,1995
4101,135,3381,3516
4102,1,63,64
4103,5,70,75
4104,42,1418,1460
4105,92,2625,2717
4106,19,433,452
4107,30,716,746
4108,22,794,816
4109,3,198,201
4110,36,1404,1440
4111,6,183,189
4112,2,44,46
4113,116,2078,2194
4114,88,2082,2170
4115,40,1219,1259
4116,160,3622,3782
4117,151,3120,3271
4118,61,1365,1426
4119,0,53,53
4120,8,205,213
4121,18,712,730
4122,14,278,292
4123,5,214,219
4124,8,255,263
4125,25,591,616
4126,55,1211,1266
4127,4,77,81
4128,64,1308,1372
4129,30,547,577
4130,941,21292,22233
4131,13,579,592
4132,70,1893,1963
4133,196,4462,4658
4134,13,527,540
4135,31,817,848
4136,32,694,726
4137,15,469,484
4138,6,208,214
4139,19,498,517
4140,63,1546,1609
4141,7,230,237
4142,122,2221,2343
4143,149,3927,4076
4144,90,1900,1990
4145,34,804,838
4146,50,892,942
4147,160,3309,3469
4148,138,3212,3350
4149,6,347,353
4150,10,346,356
4151,49,925,974
4152,38,935,973
4153,14,388,402
4154,0,85,85
4155,27,1464,1491
4156,5,79,84
4157,69,2560,2629
4158,14,557,571
4159,2,276,278
4160,7,191,198
4161,5,259,264
4162,3,105,108
4163,227,5315,5542
4164,5,313,318
4165,91,2011,2102
4166,111,2592,2703
4167,1,73,74
4168,81,1318,1399
4169,37,938,975
4170,132,3182,3314
4171,29,1082,1111
4172,4,171,175
4173,7,224,231
4174,3,168,171
4175,24,502,526
4176,84,1925,2009
4177,20,649,669
4178,5,406,411
4179,366,9363,9729
4180,167,4103,4270
4181,49,1007,1056
4182,0,108,108
4183,0,98,98
4184,2,89,91
4185,71,2112,2183
4186,11,464,475
4187,47,1478,1525
4188,0,126,126
4189,56,1515,1571
4190,58,2002,2060
4191,30,709,739
4192,89,2566,2655
4193,2,152,154
4194,36,1554,1590
4195,15,400,415
4196,32,926,958
4197,34,775,809
4198,23,336,359
4199,13,462,475
4200,1,160,161
4201,29,1176,1205
4202,34,697,731
4203,655,16816,17471
4204,3,82,85
4205,41,948,989
4206,1,152,153
4207,11,396,407
4208,135,2864,2999
4209,63,2227,2290
4210,80,1766,1846
4211,106,2241,2347
4212,124,2754,2878
4213,109,3754,3863
4214,34,1312,1346
4215,872,20559,21431
4216,4,173,177
4217,95,2057,2152
4218,21,527,548
4219,7,293,300
4220,12,468,480
4221,12,304,316
4222,246,5984,6230
4223,90,2570,2660
4224,1,97,98
4225,122,2049,2171
4226,6,159,165
4227,17,474,491
4228,26,699,725
4229,1,46,47
4230,23,751,774
4231,6,304,310
4232,114,2109,2223
4233,40,877,917
4234,23,769,792
4235,1,98,99
4237,60,1292,1352
4238,23,521,544
4239,28,1096,1124
4240,241,6222,6463
4241,101,2237,2338
4242,105,3061,3166
4243,111,2503,2614
4244,118,2760,2878
4245,234,5481,5715
4246,34,715,749
4247,54,1489,1543
4248,17,580,597
4249,3,356,359
4250,15,475,490
5001,47,1516,1563
5002,8,483,491
5003,21,943,964
5004,12,552,564
5005,2666,71399,74065
5006,6,376,382
5007,41,1047,1088
5008,4,308,312
5009,10,397,407
5010,5,292,297
5011,24,794,818
5012,81,2436,2517
5013,60,1603,1663
5014,39,1187,1226
5015,46,1125,1171
5016,8,397,405
5017,347,9865,10212
5018,36,967,1003
5019,11,310,321
5020,8,589,597
5021,21,528,549
5022,134,3539,3673
5023,43,1114,1157
5024,17,566,583
5025,91,2566,2657
5026,15,279,294
5027,2,138,140
5028,55,1746,1801
5029,15,798,813
5030,19,687,706
5031,83,2996,3079
5032,17,377,394
5033,26,680,706
5034,11,451,462
5035,9,214,223
5036,18,576,594
5037,6,360,366
5038,11,217,228
5039,6,422,428
5040,47,1174,1221
5041,13,272,285
5042,37,1348,1385
5044,9,192,201
5045,5,305,310
5046,7,266,273
5047,11,583,594
5048,11,511,522
5049,16,500,516
5050,205,5477,5682
5051,12,432,444
5052,31,1034,1065
5053,53,1476,1529
5054,7,517,524
5055,27,706,733
5056,16,526,542
5057,18,569,587
5058,86,1968,2054
5059,73,1922,1995
5060,9,310,319
5061,3,230,233
5062,5,376,381
5063,21,483,504
5064,4,194,198
5065,31,977,1008
5066,66,2047,2113
5067,35,948,983
5068,32,850,882
5069,71,2698,2769
5070,37,841,878
5071,28,829,857
5072,7,320,327
5073,27,902,929
5074,15,704,719
5075,36,1180,1216
5076,93,2214,2307
5077,29,1024,1053
5079,6,180,186
5080,363,9765,10128
5081,3,67,70
5082,13,407,420
5083,13,432,445
5084,7,534,541
5085,0,209,209
5086,16,555,571
5087,55,1900,1955
5088,4,155,159
5089,65,1486,1551
5090,12,739,751
5091,7,362,369
5092,8,459,467
5093,17,898,915
5094,11,365,376
5095,12,340,352
5096,52,1325,1377
5097,350,7726,8076
5098,1,99,100
5099,27,648,675
5100,28,964,992
5101,30,1154,1184
5103,19,510,529
5104,0,107,107
5105,4,245,249
5106,24,524,548
5107,5,151,156
5108,68,1633,1701
5109,26,756,782
5110,2,211,213
5111,9,274,283
5112,95,2270,2365
5113,21,583,604
5114,10,235,245
5115,17,840,857
5116,25,783,808
5117,85,2870,2955
5118,226,5355,5581
5119,7,363,370
5120,10,545,555
5121,37,1519,1556
6001,525,18698,19223
6002,5,292,297
6003,3229,87860,91089
6004,18,724,742
6005,18,712,730
6007,7,405,412
6008,11,347,358
6009,259,5995,6254
6010,4,253,257
6011,41,1270,1311
6012,76,1939,2015
6013,34,1541,1575
6014,14,488,502
6015,18,691,709
6016,3,155,158
6017,34,1739,1773
6018,72,1842,1914
6019,13,536,549
6020,51,1324,1375
6021,57,2208,2265
6022,28,1054,1082
6023,6,314,320
6024,10,419,429
6025,13,469,482
6026,6,461,467
6027,12,716,728
6028,4,449,453
6029,46,1749,1795
6030,36,1062,1098
6031,13,320,333
6032,13,407,420
6033,13,900,913
6034,2,86,88
6035,18,471,489
6036,18,706,724
6037,31,1136,1167
6038,7,357,364
6039,994,31647,32641
6040,33,946,979
6041,3,113,116
6043,107,2753,2860
6044,17,835,852
6045,2,83,85
6046,9,388,397
6047,152,4237,4389
6048,3,140,143
6049,43,1815,1858
6050,14,438,452
6051,32,1396,1428
6052,14,612,626
6053,137,4737,4874
6054,10,381,391
6055,6,251,257
6056,11,466,477
6057,9,382,391
6058,7,295,302
6059,33,1268,1301
6060,11,440,451
6061,22,926,948
6062,5,318,323
6063,22,969,991
6065,4,168,172
6066,2,178,180
6067,11,583,594
6068,54,2088,2142
6069,7,298,305
6070,19,483,502
6071,12,421,433
6072,13,461,474
6073,32,1339,1371
6074,13,611,624
6075,66,1819,1885
6076,68,1511,1579
6077,18,985,1003
6078,20,805,825
6079,10,608,618
6081,133,4321,4454
6082,25,658,683
6083,5,290,295
6084,6,235,241
6085,8,463,471
6086,9,293,302
6087,20,631,651
6088,14,809,823
6090,1,82,83
6091,39,1257,1296
6092,33,1216,1249
6093,5,175,180
6094,22,1190,1212
6095,52,2017,2069
6096,16,554,570
6097,21,925,946
6098,4,199,203
6099,4,193,197
6100,1,149,150
6101,17,541,558
6102,3,239,242
6103,4,239,243
6104,7,605,612
6105,4,302,306
6106,12,501,513
6107,11,275,286
6108,5,304,309
6109,28,1296,1324
6110,5,413,418
6111,20,687,707
6112,18,597,615
6113,28,1275,1303
6114,959,26724,27683
6115,48,1213,1261
6116,13,393,406
6117,7,233,240
6118,1,114,115
6119,10,398,408
6120,15,577,592
6121,328,10647,10975
6122,32,1150,1182
6123,30,1328,1358
6124,3,201,204
6125,9,511,520
6126,6,616,622
6127,41,1235,1276
6128,30,1126,1156
6129,20,854,874
6131,7,321,328
6132,105,3317,3422
6133,37,1294,1331
6134,10,540,550
6135,10,316,326
6136,17,986,1003
6137,4,297,301
6138,129,4393,4522
6139,10,468,478
6140,38,1872,1910
6141,52,1300,1352
6142,40,1484,1524
6143,19,599,618
6144,32,1329,1361
6145,5,384,389
6146,2,124,126
6147,37,1393,1430
6148,4,218,222
6149,23,1438,1461
6150,11,328,339
6151,128,3785,3913
6152,7,540,547
6153,31,1161,1192
6154,116,3939,4055
6155,12,521,533
6156,9,359,368
6157,7,377,384
6158,31,1103,1134
6159,15,498,513
6160,238,5634,5872
6161,44,1161,1205
6162,52,1822,1874
6163,42,1528,1570
6164,1,199,200
6165,15,941,956
6166,14,349,363
6167,80,2289,2369
6168,57,1849,1906
6169,39,1471,1510
6170,11,589,600
6171,28,878,906
6172,23,823,846
6173,30,1274,1304
6174,956,25757,26713
6175,6,262,268
6176,13,657,670
6177,537,17612,18149
6178,27,932,959
6179,24,921,945
6180,56,1967,2023
6181,116,2948,3064
6182,12,468,480
6183,26,858,884
6184,0,295,295
6185,62,1690,1752
6186,11,652,663
6187,32,1109,1141
6188,29,1141,1170
6189,2,132,134
6190,14,657,671
6191,67,1776,1843
6192,52,1583,1635
6193,32,1306,1338
7001,2,206,208
7002,16,530,546
7003,1106,32417,33523
7004,51,1176,1227
7005,34,818,852
7006,12,286,298
7007,63,1336,1399
7008,94,2004,2098
7009,4,108,112
7010,8,210,218
7011,36,906,942
7012,24,839,863
7013,39,697,736
7014,16,520,536
7015,34,838,872
7016,1,107,108
7017,22,678,700
7018,11,369,380
7019,81,2296,2377
7020,131,4319,4450
7021,36,1307,1343
7022,74,2660,2734
7023,73,2332,2405
7024,14,483,497
7025,9,211,220
7026,14,469,483
7027,80,1698,1778
7028,18,415,433
7029,17,420,437
7030,70,1669,1739
7031,141,3239,3380
7032,18,304,322
7033,26,778,804
7034,45,1109,1154
7035,23,623,646
7036,13,380,393
7037,45,1302,1347
7038,21,691,712
7039,3,105,108
7040,85,1922,2007
7041,36,783,819
7042,13,433,446
7043,54,1695,1749
7044,80,2017,2097
7045,113,2871,2984
7046,10,151,161
7047,9,200,209
7048,16,436,452
7049,56,1464,1520
7050,2,168,170
7051,31,767,798
7052,105,3466,3571
7053,37,959,996
7054,186,3915,4101
7055,1,82,83
7056,1,171,172
7057,45,970,1015
7058,128,3343,3471
7059,11,355,366
7060,41,1270,1311
7061,10,310,320
7062,8,186,194
7063,132,3088,3220
7064,4,329,333
7065,147,4318,4465
7066,165,4628,4793
7067,25,530,555
7068,5,187,192
7069,17,577,594
7070,2,166,168
7071,87,2186,2273
7072,36,1231,1267
7073,78,2512,2590
7074,43,1204,1247
8001,9,367,376
8002,20,623,643
8003,5,144,149
8004,2,114,116
8005,10,328,338
8006,30,1029,1059
8007,4,317,321
8008,308,9852,10160
8009,13,390,403
8010,29,793,822
8011,215,5259,5474
8012,7,247,254
8014,42,1180,1222
8015,3,260,263
8016,34,1049,1083
8017,37,1092,1129
8018,8,265,273
8019,16,569,585
8020,21,494,515
8021,37,1160,1197
8022,25,594,619
8023,3,176,179
8024,22,751,773
8025,25,664,689
8026,78,2188,2266
8027,146,5535,5681
8028,28,1038,1066
8029,85,2000,2085
8030,44,1239,1283
8031,1413,40528,41941
8032,29,656,685
8033,9,266,275
8034,2,169,171
8035,14,592,606
8037,1,121,122
8038,6,193,199
8039,86,3119,3205
8040,27,799,826
8041,16,430,446
8042,45,1270,1315
8043,18,748,766
8044,33,818,851
8045,85,2233,2318
8046,16,647,663
8047,9,469,478
8048,21,524,545
8049,9,302,311
8050,82,2718,2800
8051,14,290,304
8052,82,2901,2983
8053,44,1194,1238
8054,37,1198,1235
8055,1624,51827,53451
8056,54,2004,2058
8057,9,272,281
8058,35,970,1005
8059,512,13357,13869
8060,8,229,237
8061,8,352,360
8062,40,1219,1259
8063,219,6481,6700
8064,3,383,386
8065,803,22328,23131
8066,8,246,254
8067,21,426,447
8068,13,487,500
9001,259,10063,10322
9002,802,22947,23749
9003,125,5167,5292
9004,220,9319,9539
9005,57,1905,1962
9006,197,7100,7297
9007,16,569,585
9008,11,523,534
9009,20,738,758
9010,22,1055,1077
9011,70,2402,2472
9012,128,4424,4552
9013,50,2034,2084
9014,9,348,357
9015,411,12280,12691
9016,38,1644,1682
9017,40,1386,1426
9018,140,5155,5295
9019,20,685,705
9020,9,301,310
9021,3,129,132
9022,124,4858,4982
9023,93,3215,3308
9024,170,5205,5375
9025,74,2049,2123
9026,22,1040,1062
9027,55,1837,1892
9028,4,218,222
9029,293,11011,11304
9030,48,1254,1302
9031,20,966,986
9032,6,400,406
9033,47,1665,1712
9034,286,10580,10866
9035,26,914,940
9036,26,1032,1058
9037,1,103,104
9038,127,3120,3247
9039,12,489,501
9040,20,751,771
9041,4,169,173
9042,61,2409,2470
9043,3,208,211
9044,18,901,919
9045,57,1527,1584
9046,9,430,439
9047,26,893,919
9048,17,770,787
9049,221,8183,8404
9050,17,609,626
9051,12,828,840
9052,187,6747,6934
9053,19,539,558
9054,21,740,761
9055,40,1716,1756
9056,1815,57134,58949
9057,76,3489,3565
9058,82,2847,2929
9059,20,809,829
9060,2,176,178
9061,85,2570,2655
9062,84,2430,2514
9063,10,660,670
9064,225,7955,8180
9065,347,12350,12697
9066,8,356,364
9067,25,782,807
9068,119,2642,2761
9069,9,282,291
10001,306,10913,11219
10002,75,2431,2506
10003,79,2453,2532
10004,147,4218,4365
10005,42,1806,1848
10006,136,5058,5194
10007,132,4955,5087
10008,79,2737,2816
10009,143,6345,6488
10010,131,3574,3705
10011,234,6509,6743
10012,85,3025,3110
10013,48,1531,1579
10014,99,3580,3679
10015,913,26331,27244
10016,71,2174,2245
10017,234,8503,8737
10018,198,5474,5672
10019,12,255,267
10020,9,509,518
10021,45,1741,1786
10022,0,70,70
10023,12,422,434
10024,2,256,258
10025,17751,548659,566410
10026,0,90,90
10027,45,1381,1426
10028,404,11948,12352
10029,66,2317,2383
10030,4,413,417
10031,35,1440,1475
10032,75,3422,3497
10033,77,2549,2626
10034,45,1411,1456
10035,92,3409,3501
10036,69,2342,2411
10037,66,2564,2630
10038,3,208,211
10039,50,1945,1995
10040,87,2087,2174
10041,15,807,822
10042,19,493,512
10043,68,2407,2475
10044,8,366,374
10045,3,122,125
10046,951,28197,29148
10047,285,9157,9442
10048,19,894,913
10049,139,4053,4192
10050,2,57,59
10051,69,2537,2606
10052,8,492,500
10053,92,2501,2593
10054,231,8493,8724
10055,149,5484,5633
10056,22,993,1015
10057,88,2950,3038
10058,248,7373,7621
10059,561,17227,17788
10060,108,3902,4010
10061,6,489,495
10062,47,2151,2198
10063,19,565,584
10064,76,2059,2135
10065,17,742,759
10066,4,366,370
10067,56,2269,2325
11001,106,4164,4270
11002,333,9792,10125
11003,51,2216,2267
11004,239,7205,7444
11005,9,813,822
11006,23,863,886
11007,38,1247,1285
11008,28,1030,1058
11009,11,507,518
11010,10,466,476
11011,254,8066,8320
11012,26,1312,1338
11013,235,5968,6203
11014,15,617,632
11015,3395,89046,92441
11016,235,9413,9648
11017,153,5110,5263
11018,14,583,597
11019,42,1341,1383
11020,233,8003,8236
11021,14,526,540
11022,69,3279,3348
11023,129,3437,3566
11024,30,1362,1392
11025,14,663,677
11026,404,9432,9836
11027,679,21018,21697
11028,25,1269,1294
11029,52,1782,1834
11030,18,748,766
11031,200,7037,7237
11032,15,473,488
12001,17,399,416
12002,216,4987,5203
12003,147,5218,5365
12004,397,9559,9956
12005,187,4619,4806
12006,155,4458,4613
12007,19,734,753
12008,51,1606,1657
12009,49,1535,1584
12010,21,646,667
12011,108,2423,2531
12012,182,5293,5475
12013,309,8484,8793
12014,104,3106,3210
12015,159,4134,4293
12016,81,2131,2212
12017,107,3087,3194
12018,35,801,836
12019,72,1669,1741
12020,54,1190,1244
12021,22,768,790
12022,45,1182,1227
12023,27,916,943
12024,45,1125,1170
12025,86,2992,3078
12026,3117,79928,83045
12027,104,2050,2154
12029,299,7388,7687
12030,185,4565,4750
12031,97,2494,2591
12032,563,14217,14780
12033,282,6309,6591
12034,902,17133,18035
12035,156,4631,4787
12036,107,2604,2711
12037,57,1283,1340
12038,87,3526,3613
12039,208,5440,5648
12040,817,20568,21385
12041,15,638,653
12042,532,13796,14328
12043,23,528,551
12044,38,1259,1297
12045,44,1850,1894
12046,285,7350,7635
12047,161,4881,5042
12048,256,5436,5692
12049,35,764,799
12050,426,9902,10328
12051,111,3686,3797
12052,60,1849,1909
12053,147,4465,4612
12054,48,1180,1228
12055,113,2767,2880
12056,27,747,774
12057,16,584,600
12058,143,3455,3598
12059,143,2903,3046
12060,111,2791,2902
12061,4,152,156
12062,123,3143,3266
12063,49,1577,1626
12064,85,2961,3046
12065,52,1422,1474
12066,1,136,137
12067,519,11831,12350
12068,247,6518,6765
12069,35,667,702
12070,2169,50618,52787
12071,32,957,989
12072,293,8775,9068
12073,167,4371,4538
12074,110,2774,2884
12075,429,10375,10804
12076,133,3689,3822
12077,101,2540,2641
12078,157,4765,4922
12079,263,7869,8132
12080,69,2092,2161
12081,47,1185,1232
12082,33,1029,1062
12083,376,9927,10303
12084,202,5006,5208
12085,223,5018,5241
12086,225,5587,5812
12087,226,8154,8380
12088,128,3504,3632
12089,213,4839,5052
12090,410,11073,11483
12091,62,1163,1225
12092,532,13675,14207
12093,50,1242,1292
12095,37,1187,1224
12096,623,15768,16391
12097,162,3330,3492
12098,363,7647,8010
12099,8,303,311
12100,12,295,307
12101,72,1704,1776
12102,73,1550,1623
12103,69,1423,1492
12104,68,1878,1946
12105,123,4132,4255
12106,168,4777,4945
12107,174,4134,4308
12108,503,12082,12585
12109,327,7582,7909
12110,28,798,826
12113,88,2762,2850
12114,67,2227,2294
12115,34,870,904
12116,36,1204,1240
12117,127,2860,2987
12118,556,15509,16065
12119,1389,37366,38755
12120,428,10627,11055
12121,136,3878,4014
12122,196,5145,5341
12123,754,17031,17785
12124,200,5814,6014
12125,126,3458,3584
12126,82,2455,2537
12127,747,18050,18797
12128,132,3857,3989
12129,4,215,219
12130,431,10176,10607
12131,67,1520,1587
12132,86,2360,2446
12133,2744,76606,79350
12134,279,7049,7328
12136,195,5785,5980
12137,261,7028,7289
12138,294,8347,8641
12139,169,4910,5079
12140,25,549,574
12141,52,1431,1483
12142,70,2353,2423
12143,125,2513,2638
13003,220,6139,6359
13004,152,4035,4187
13005,104,2605,2709
13006,44,1219,1263
13007,150,4677,4827
13009,77,1709,1786
13010,261,7391,7652
13011,19,667,686
13012,218,4888,5106
13013,119,3443,3562
13015,26,537,563
13021,12,309,321
13022,145,2642,2787
13023,189,4576,4765
13024,89,1639,1728
13025,14,273,287
13026,26,1117,1143
13028,264,6175,6439
13029,89,2076,2165
13030,9,326,335
13032,31,1633,1664
13034,161,3865,4026
13035,263,7153,7416
13036,301,7656,7957
13037,17,481,498
13040,45,1734,1779
13041,1499,37970,39469
13042,183,4999,5182
13043,191,5279,5470
13044,37,1085,1122
13045,93,2825,2918
13046,153,4263,4416
13047,144,2959,3103
13048,247,6317,6564
13052,61,1585,1646
13053,176,4814,4990
13055,129,3209,3338
13058,35,1214,1249
13059,35,876,911
13062,7,184,191
13063,10,535,545
13064,366,8833,9199
13065,202,6296,6498
13068,63,2017,2080
13071,26,540,566
13074,14,455,469
13075,3032,81218,84250
13077,23,805,828
13083,22,665,687
13084,128,3328,3456
13085,3,211,214
13087,20,582,602
13089,49,1413,1462
13090,105,3148,3253
13092,6,230,236
13095,592,15616,16208
13097,79,2504,2583
13098,30,1139,1169
13099,240,4555,4795
13100,113,3067,3180
13101,173,4857,5030
13102,452,9351,9803
13106,14,685,699
13107,42,1007,1049
13110,97,2712,2809
13111,43,1257,1300
13113,8,587,595
13114,259,5557,5816
13118,342,8827,9169
13119,32,859,891
13120,21,515,536
13121,112,2417,2529
13123,19,443,462
13126,68,1928,1996
13128,196,3664,3860
13129,228,5722,5950
13130,4,160,164
13131,179,4099,4278
13133,484,9514,9998
13134,83,1846,1929
13135,118,2620,2738
13136,198,5188,5386
13137,102,2468,2570
13138,346,9396,9742
13139,24,625,649
13143,1041,24173,25214
13144,113,3083,3196
13145,109,2964,3073
13147,145,3919,4064
13152,45,1524,1569
13153,105,2259,2364
13154,252,5035,5287
13155,3,221,224
13157,73,2442,2515
13159,344,8312,8656
13160,33,913,946
13161,38,1134,1172
13163,103,2757,2860
13165,476,11259,11735
13169,97,2283,2380
13170,77,2597,2674
13178,13,176,189
13183,39,997,1036
13184,3,242,245
13185,26,806,832
13186,16,667,683
13187,1,230,231
13188,157,4113,4270
13189,196,4651,4847
13192,37,871,908
13193,49,1317,1366
13195,12,291,303
13197,61,1197,1258
13199,58,1588,1646
13201,311,7660,7971
13202,266,5951,6217
13203,6,475,481
13204,30,950,980
13206,263,7511,7774
13207,8,273,281
13211,26,845,871
13212,104,3053,3157
13216,52,1183,1235
13217,19,613,632
13218,25,588,613
13222,197,5543,5740
13223,30,1093,1123
13226,14,220,234
13227,400,9081,9481
13228,188,4764,4952
13229,95,2511,2606
13232,84,2545,2629
13233,11,153,164
13234,34,1419,1453
13236,2,199,201
13238,133,2937,3070
13239,22,728,750
13242,169,3976,4145
13245,271,7662,7933
13246,6,180,186
13248,53,1665,1718
13249,107,3973,4080
13250,115,3496,3611
13251,220,5183,5403
13252,174,4872,5046
13253,116,2857,2973
13254,130,3424,3554
13255,174,4468,4642
14001,2,286,288
14002,104,2917,3021
14003,36,549,585
14004,51,1445,1496
14005,120,3093,3213
14006,4,115,119
14007,137,3908,4045
14008,65,1208,1273
14009,147,3927,4074
14010,70,1891,1961
14011,26,1030,1056
14012,40,882,922
14013,42,1303,1345
14014,18,588,606
14015,52,1496,1548
14016,8,427,435
14017,35,757,792
14018,217,6927,7144
14019,63,2307,2370
14020,80,2359,2439
14021,8,325,333
14022,30,1094,1124
14023,42,1311,1353
14024,201,5208,5409
14025,21,450,471
14026,147,3139,3286
14027,150,3552,3702
14028,13,521,534
14029,29,741,770
14030,21,531,552
14031,4,155,159
14032,76,1862,1938
14033,179,4233,4412
14034,58,1577,1635
14035,19,526,545
14036,33,1248,1281
14037,421,6466,6887
14038,23,610,633
14039,31,721,752
14040,50,967,1017
14041,33,904,937
14043,84,1715,1799
14044,99,2846,2945
14045,472,11765,12237
14046,85,1787,1872
14047,1,35,36
14048,76,1351,1427
14049,67,2016,2083
14050,80,1814,1894
14051,74,1755,1829
14052,71,2187,2258
14053,23,621,644
14054,110,2776,2886
14055,5,285,290
14056,29,512,541
14057,120,2714,2834
14058,13,347,360
14059,24,465,489
14060,115,3855,3970
14061,744,20458,21202
14062,2,78,80
14063,162,4476,4638
14064,3,193,196
14065,150,4295,4445
14066,322,8507,8829
14067,21,735,756
14068,31,617,648
14069,163,2665,2828
14070,80,1927,2007
14071,195,3958,4153
14072,146,3461,3607
14073,81,2444,2525
14074,16,849,865
14075,35,1026,1061
14076,7,202,209
14077,41,927,968
14078,121,2804,2925
15002,1225,31251,32476
15005,163,4507,4670
15007,263,6423,6686
15009,659,18804,19463
15010,558,11638,12196
15011,427,8833,9260
15012,637,16616,17253
15014,146,3519,3665
15015,291,7642,7933
15016,138,3659,3797
15019,107,2911,3018
15022,77,1968,2045
15024,238,6961,7199
15026,131,3942,4073
15027,1240,34999,36239
15032,887,25285,26172
15035,103,2335,2438
15036,950,26065,27015
15038,156,4397,4553
15040,271,8109,8380
15041,534,13457,13991
15042,52,1188,1240
15044,340,6773,7113
15046,456,12010,12466
15050,238,3915,4153
15051,618,14963,15581
15055,165,3860,4025
15058,196,5317,5513
15059,749,18402,19151
15060,582,13338,13920
15061,66,1787,1853
15062,389,10591,10980
15070,1585,33427,35012
15071,183,4910,5093
15072,607,14414,15021
15074,893,22793,23686
15076,586,13690,14276
15077,3073,71563,74636
15078,246,4683,4929
15081,1947,45261,47208
15082,87,1922,2009
15085,813,17787,18600
15086,835,19482,20317
15087,817,19773,20590
15093,1373,33228,34601
15096,298,7896,8194
15097,156,4159,4315
15098,622,18165,18787
15099,267,6065,6332
15101,110,2896,3006
15103,371,8854,9225
15105,965,25806,26771
15106,369,8473,8842
15108,859,20040,20899
15110,154,2913,3067
15112,54,1560,1614
15113,292,8233,8525
15114,459,10796,11255
15115,353,8707,9060
15116,975,25162,26137
15118,2289,57566,59855
15122,169,3873,4042
15125,433,9857,10290
15130,888,23219,24107
15131,355,8913,9268
15134,236,5898,6134
15136,135,3445,3580
15139,493,11727,12220
15140,862,17149,18011
15142,723,17843,18566
15144,165,4034,4199
15146,53652,1320930,1374582
15150,25,1007,1032
15151,338,7715,8053
15154,585,16388,16973
15155,8,632,640
15157,727,19329,20056
15158,182,4332,4514
15159,508,13592,14100
15164,144,4132,4276
15165,54,1364,1418
15166,1855,45525,47380
15167,189,5673,5862
15168,1144,26775,27919
15169,417,10730,11147
15170,480,10971,11451
15171,934,22913,23847
15172,286,8739,9025
15173,583,15116,15699
15175,1601,34546,36147
15176,299,8030,8329
15177,336,6009,6345
15178,341,8206,8547
15179,300,7030,7330
15181,556,13501,14057
15182,1998,48744,50742
15183,169,4606,4775
15184,223,6535,6758
15185,173,4440,4613
15188,235,5564,5799
15189,1670,40174,41844
15191,256,7019,7275
15192,1273,31272,32545
15194,240,6441,6681
15195,1861,37447,39308
15200,200,4738,4938
15201,300,7974,8274
15202,180,4242,4422
15204,516,11887,12403
15205,1479,35003,36482
15206,826,20481,21307
15209,3078,77125,80203
15210,271,7059,7330
15211,700,19433,20133
15213,585,13406,13991
15219,225,5072,5297
15220,959,20494,21453
15221,413,11568,11981
15222,150,3504,3654
15224,216,5637,5853
15226,273,6819,7092
15229,363,8955,9318
15230,473,8876,9349
15236,126,3178,3304
15237,381,8920,9301
15242,667,16149,16816
15243,385,8859,9244
15244,145,3753,3898
15247,272,6595,6867
15248,200,5933,6133
15249,200,5043,5243
15250,527,11339,11866
15251,261,5535,5796
16001,90,2086,2176
16002,24,767,791
16003,342,7945,8287
16004,556,16930,17486
16005,181,5306,5487
16006,293,6147,6440
16007,189,5397,5586
16008,505,12935,13440
16009,89,2291,2380
16010,166,2997,3163
16011,200,4603,4803
16012,117,3250,3367
16013,99,2618,2717
16014,4,166,170
16015,15,536,551
16016,252,7315,7567
16017,7,370,377
16018,175,4180,4355
16019,23,665,688
16020,158,4070,4228
16021,98,1915,2013
16022,25,678,703
16023,84,2326,2410
16024,4317,115676,119993
16025,86,1304,1390
16026,16,571,587
16027,2,73,75
16028,349,6084,6433
16029,296,5927,6223
16030,574,9643,10217
16031,273,6340,6613
16032,65,1094,1159
16033,48,942,990
16034,166,4848,5014
16035,22,702,724
16036,18,659,677
16037,359,8123,8482
16038,290,7572,7862
16040,307,5746,6053
16041,10,104,114
16042,216,5364,5580
16043,285,5786,6071
16044,242,5147,5389
16046,334,7876,8210
16047,171,4093,4264
16048,13,560,573
16049,156,4074,4230
16050,37,1155,1192
16051,332,7828,8160
16052,114,2924,3038
16053,638,15532,16170
16055,229,4501,4730
16056,4,285,289
16057,193,4452,4645
16058,164,3701,3865
16059,189,3868,4057
16060,105,3003,3108
16061,2,110,112
16062,464,9930,10394
16063,114,2708,2822
16064,87,3274,3361
16065,34,1224,1258
16066,125,2528,2653
16067,71,1575,1646
16068,88,2440,2528
16069,179,3734,3913
16070,145,3960,4105
16071,55,1534,1589
16072,177,3213,3390
16073,276,5751,6027
16074,232,5997,6229
16075,235,5223,5458
16076,182,4847,5029
16077,302,8235,8537
16078,37,1068,1105
16079,475,10584,11059
16080,53,1565,1618
16081,178,4215,4393
16082,36,894,930
16083,71,1866,1937
16084,147,3201,3348
16085,18,531,549
16086,333,8620,8953
16087,210,3955,4165
16088,168,3356,3524
16089,241,7254,7495
16090,0,216,216
16091,862,22474,23336
16092,29,854,883
16093,106,3261,3367
16094,88,1873,1961
16096,336,7632,7968
16097,70,1243,1313
16098,114,3019,3133
16099,44,1075,1119
16100,98,2849,2947
16101,262,4450,4712
16102,20,533,553
16103,1,171,172
16104,113,2932,3045
16105,161,3232,3393
16106,3,203,206
16107,40,932,972
16108,146,5091,5237
16109,49,1396,1445
16110,32,830,862
16111,176,4758,4934
16113,277,5856,6133
16114,206,4937,5143
16115,222,6324,6546
16116,49,1442,1491
16117,255,6162,6417
16118,35,1118,1153
16119,34,831,865
16120,321,7075,7396
16121,1,165,166
16122,24,613,637
16123,161,3985,4146
16124,118,4182,4300
16125,20,540,560
16126,139,3578,3717
16127,48,789,837
16128,151,4895,5046
16129,134,2678,2812
16130,29,853,882
16131,182,3798,3980
16132,291,6550,6841
16133,512,10286,10798
16134,3,161,164
16135,115,2826,2941
16136,3,200,203
16137,37,1117,1154
16139,133,3132,3265
16140,98,2373,2471
16141,116,2793,2909
16142,166,4258,4424
16143,227,7107,7334
16144,403,10828,11231
16145,12,482,494
16146,19,955,974
16147,4,143,147
16148,13,559,572
16149,34,880,914
16150,56,1696,1752
16151,0,144,144
16152,202,5053,5255
16153,560,11971,12531
16154,89,2006,2095
16155,155,3861,4016
16156,207,4289,4496
16157,242,5490,5732
16158,105,2579,2684
16159,13,348,361
16160,211,5694,5905
16161,60,1667,1727
16162,55,1402,1457
16163,24,1018,1042
16164,34,1173,1207
16165,4,380,384
16166,4,83,87
16167,66,1524,1590
16168,51,1677,1728
16169,231,6519,6750
16170,493,11041,11534
16171,134,3179,3313
16172,193,4776,4969
16173,168,4341,4509
16174,51,1772,1823
16175,35,1040,1075
16176,164,4611,4775
16177,62,1620,1682
16178,198,5673,5871
16179,33,1179,1212
16180,33,866,899
16182,162,3687,3849
16183,964,19518,20482
16184,8,405,413
16185,35,779,814
16186,38,864,902
16187,151,3926,4077
16188,136,4496,4632
16189,287,5664,5951
16190,147,4572,4719
16191,17,506,523
16193,254,6468,6722
16194,374,9427,9801
16195,31,1121,1152
16196,94,2367,2461
16197,53,1921,1974
16198,998,24113,25111
16199,57,1969,2026
16200,58,1711,1769
16201,25,667,692
16202,310,8702,9012
16203,178,4239,4417
16204,199,5006,5205
16205,28,948,976
16206,273,5395,5668
16207,568,12778,13346
16208,40,1025,1065
16209,141,3602,3743
16210,10,525,535
16211,52,1949,2001
16212,197,4751,4948
16213,368,7646,8014
16214,335,8296,8631
16215,107,2063,2170
16216,103,2364,2467
16217,51,1040,1091
16218,443,9201,9644
16219,1315,29242,30557
16220,397,10422,10819
16221,44,1304,1348
16222,453,9401,9854
16223,30,958,988
16224,182,4156,4338
16225,29,557,586
16226,4,130,134
16227,6,201,207
16229,5,246,251
16230,4,184,188
16232,365,7110,7475
16233,369,7813,8182
16234,136,4331,4467
16235,46,1072,1118
16236,51,1252,1303
16237,20,556,576
16238,176,4361,4537
16239,255,6332,6587
16240,266,6406,6672
16241,46,1712,1758
16242,350,7753,8103
16243,57,1376,1433
16244,98,2565,2663
16245,374,8228,8602
16246,281,8387,8668
16247,29,845,874
16248,22,635,657
16249,13,277,290
16250,94,2257,2351
16251,84,1927,2011
16252,146,3689,3835
16253,173,4017,4190
17001,66,1447,1513
17002,261,6870,7131
17003,46,1590,1636
17004,89,2307,2396
17005,8,436,444
17006,78,2260,2338
17007,149,3444,3593
17008,148,3208,3356
17009,520,12034,12554
17010,83,3663,3746
17011,72,2228,2300
17012,46,1097,1143
17013,103,2223,2326
17014,536,11778,12314
17015,113,2631,2744
17016,35,1516,1551
17017,115,2325,2440
17018,130,3630,3760
17019,44,1269,1313
17020,237,5097,5334
17021,338,8792,9130
17022,73,2446,2519
17023,361,10280,10641
17024,67,1973,2040
17025,257,7145,7402
17026,62,1645,1707
17027,27,659,686
17028,158,4536,4694
17029,7507,189797,197304
17030,33,714,747
17031,69,2045,2114
17032,582,12422,13004
17033,135,3450,3585
17034,346,8023,8369
17035,86,2293,2379
17036,10,336,346
17037,175,4468,4643
17038,414,9018,9432
17039,575,12393,12968
17040,355,8009,8364
17041,347,6336,6683
17042,408,10591,10999
17043,445,11085,11530
17044,64,1573,1637
17045,416,7043,7459
17046,432,10407,10839
17047,43,1053,1096
17048,158,4743,4901
17049,18,634,652
17050,62,1731,1793
17051,20,811,831
17052,851,18243,19094
17053,47,1430,1477
17054,17,517,534
17055,120,2605,2725
17056,381,8335,8716
17057,141,4397,4538
17058,60,1996,2056
17059,322,7195,7517
17060,200,3809,4009
17061,591,15053,15644
17062,250,6820,7070
17063,75,1834,1909
17064,57,1360,1417
17065,592,14952,15544
17066,225,5321,5546
17067,1021,28187,29208
17068,162,4281,4443
17069,383,8325,8708
17070,183,4974,5157
17071,65,1920,1985
17072,332,8539,8871
17073,182,4378,4560
17074,71,2571,2642
17075,451,10956,11407
17076,82,2679,2761
17077,529,11729,12258
17078,787,17734,18521
17079,85,2049,2134
17080,218,4741,4959
17081,582,15906,16488
17082,59,1819,1878
17083,15,331,346
17084,4,128,132
17085,300,8694,8994
17086,166,3909,4075
17087,9,477,486
17088,611,13576,14187
17089,46,1118,1164
17090,60,1571,1631
17091,179,3616,3795
17092,731,16090,16821
17093,19,543,562
17094,18,589,607
17095,4,373,377
17096,798,20871,21669
17097,68,1408,1476
17098,1,105,106
17099,164,3322,3486
17100,73,1905,1978
17101,94,2974,3068
17102,166,5246,5412
17103,561,12655,13216
17104,152,4020,4172
17105,26,630,656
17106,122,2995,3117
17107,506,11964,12470
17108,71,1693,1764
17109,90,2489,2579
17110,17,511,528
17111,41,1603,1644
17112,149,4414,4563
17113,1189,24822,26011
17114,207,4870,5077
17115,27,749,776
17116,92,2561,2653
17117,335,10305,10640
17118,92,1895,1987
17119,152,3736,3888
17120,219,4486,4705
17121,92,1805,1897
17122,181,3897,4078
17123,124,3061,3185
17124,37,936,973
17125,526,11823,12349
17126,82,2334,2416
17127,712,13908,14620
17128,50,1404,1454
17129,175,4521,4696
17130,119,3501,3620
17131,6,167,173
17132,96,2052,2148
17133,789,19151,19940
17134,198,4648,4846
17135,21,566,587
17136,240,6693,6933
17137,114,2617,2731
17138,182,4260,4442
17139,20,536,556
17140,18,567,585
17141,51,1399,1450
17142,222,4479,4701
17143,290,7592,7882
17144,90,2358,2448
17145,92,2599,2691
17146,154,3605,3759
17147,183,4999,5182
17148,61,1685,1746
17149,230,6772,7002
17150,303,6569,6872
17151,114,3439,3553
17152,123,2693,2816
17153,63,1434,1497
17155,314,6524,6838
17156,255,6947,7202
17157,30,862,892
17158,133,3350,3483
17159,250,5935,6185
17160,136,3220,3356
17161,520,12821,13341
17162,228,4564,4792
17163,444,9309,9753
17164,122,4219,4341
17165,346,9005,9351
17166,935,18254,19189
17167,273,5581,5854
17168,188,3758,3946
17169,109,3190,3299
17170,331,10163,10494
17171,120,3351,3471
17172,175,2467,2642
17173,178,4557,4735
17174,538,12661,13199
17175,18,835,853
17176,42,1365,1407
17177,42,1400,1442
17178,111,2928,3039
17179,318,8031,8349
17180,80,1840,1920
17181,60,1166,1226
17182,86,1829,1915
17183,36,1177,1213
17184,40,1063,1103
17185,35,1168,1203
17186,256,6153,6409
17187,237,7356,7593
17188,591,13152,13743
17189,89,1977,2066
17190,226,5201,5427
17191,11,509,520
17192,161,3546,3707
17193,53,1354,1407
17194,3,168,171
17195,303,7745,8048
17196,141,3613,3754
17197,155,4061,4216
17198,67,1398,1465
17199,449,10145,10594
17200,52,1308,1360
17201,192,5592,5784
17202,22,612,634
17203,90,1910,2000
17204,367,7832,8199
17205,22,1000,1022
17206,192,4517,4709
18001,19,789,808
18002,5,231,236
18003,15,495,510
18004,147,3424,3571
18005,46,1492,1538
18006,15,370,385
18007,14,619,633
18008,33,834,867
18009,79,1698,1777
18011,25,932,957
18012,32,660,692
18013,229,5936,6165
18014,117,2727,2844
18015,93,2520,2613
18016,43,1282,1325
18017,10,399,409
18018,28,898,926
18019,113,2534,2647
18020,18,596,614
18021,7,517,524
18022,11,697,708
18023,104,3330,3434
18024,417,9128,9545
18025,2,108,110
18026,54,1020,1074
18027,43,1416,1459
18029,48,1282,1330
18030,48,1374,1422
18031,11,453,464
18032,43,839,882
18033,86,2286,2372
18034,377,8425,8802
18035,236,6560,6796
18036,26,695,721
18037,208,6344,6552
18038,22,949,971
18039,36,1031,1067
18040,13,529,542
18041,201,6397,6598
18042,7,222,229
18043,114,2135,2249
18044,4,174,178
18045,21,677,698
18046,218,5189,5407
18047,25,1104,1129
18048,140,3775,3915
18049,43,1260,1303
18050,168,5165,5333
18051,22,924,946
18052,53,1508,1561
18053,74,1660,1734
18054,18,744,762
18057,27,950,977
18058,17,364,381
18059,13,356,369
18060,235,4646,4881
18061,152,4370,4522
18062,48,1031,1079
18063,25,786,811
18064,8,348,356
18065,36,1071,1107
18066,3,173,176
18067,4,199,203
18068,319,9330,9649
18069,327,9116,9443
18071,53,1335,1388
18072,233,4996,5229
18073,64,3118,3182
18074,6,176,182
18075,94,2609,2703
18076,142,4201,4343
18077,63,1397,1460
18078,310,6110,6420
18079,11,356,367
18080,27,1112,1139
18081,98,2719,2817
18082,8,122,130
18083,59,1983,2042
18084,74,2371,2445
18085,68,1665,1733
18086,95,2372,2467
18087,60,1603,1663
18088,192,6089,6281
18089,8,336,344
18090,32,994,1026
18091,11,458,469
18092,28,1313,1341
18093,167,3476,3643
18094,26,846,872
18095,32,1480,1512
18096,17,507,524
18097,17,402,419
18098,5,253,258
18099,21,638,659
18100,50,1573,1623
18101,11,589,600
18102,541,14854,15395
18103,6,290,296
18104,20,707,727
18105,1,162,163
18106,36,1032,1068
18107,61,1768,1829
18108,6,302,308
18109,59,1779,1838
18110,2454,68668,71122
18111,22,756,778
18112,16,833,849
18113,41,1704,1745
18114,97,2483,2580
18115,52,1614,1666
18116,21,672,693
18117,22,738,760
18118,50,1391,1441
18119,8,394,402
18120,35,997,1032
18121,57,1489,1546
18122,161,5008,5169
18123,193,5540,5733
18124,9,522,531
18125,4,64,68
18126,3,205,208
18127,35,603,638
18128,11,607,618
18129,70,1463,1533
18130,9,534,543
18131,28,842,870
18133,15,462,477
18134,15,618,633
18135,138,3830,3968
18136,22,1012,1034
18137,232,6184,6416
18138,166,4983,5149
18139,69,1812,1881
18140,56,1492,1548
18141,39,923,962
18142,4,444,448
18143,78,2218,2296
18144,20,778,798
18145,16,537,553
18146,30,1461,1491
18147,29,841,870
18148,2,204,206
18149,14,642,656
18150,290,6061,6351
18151,35,1117,1152
18152,24,512,536
18153,433,11015,11448
18154,14,586,600
18155,32,1527,1559
18156,21,510,531
18157,42,893,935
18158,5,310,315
18159,88,2308,2396
18160,152,3346,3498
18161,32,791,823
18162,150,4300,4450
18163,121,2195,2316
18164,127,3513,3640
18165,40,983,1023
18166,17,571,588
18167,3,196,199
18168,65,2030,2095
18169,42,1428,1470
18171,63,2961,3024
18172,3,93,96
18173,135,3180,3315
18174,13,359,372
18175,32,1182,1214
18176,313,6229,6542
18177,2350,59990,62340
18178,3,60,63
18179,32,740,772
18180,103,3168,3271
18181,63,1460,1523
18182,1283,37152,38435
18183,1,124,125
18184,33,932,965
18185,60,1614,1674
18186,22,981,1003
18187,19,458,477
18188,9,385,394
18189,72,1612,1684
18190,98,2986,3084
18191,33,798,831
18192,116,2417,2533
18193,23,1012,1035
19001,40,1093,1133
19002,159,3696,3855
19003,58,1904,1962
19004,11,581,592
19005,186,4714,4900
19006,45,1412,1457
19007,20,550,570
19009,29,1136,1165
19010,35,1178,1213
19011,14,664,678
19012,86,2079,2165
19013,24,521,545
19014,20,393,413
19015,69,2202,2271
19016,106,3586,3692
19017,64,1757,1821
19018,33,1104,1137
19019,26,503,529
19020,81,1679,1760
19021,613,14409,15022
19022,71,1508,1579
19023,17,558,575
19024,19,436,455
19025,370,8922,9292
19026,213,5370,5583
19027,10,289,299
19028,12,474,486
19029,95,2169,2264
19030,35,869,904
19031,39,1108,1147
19032,52,980,1032
19033,40,1277,1317
19034,40,1517,1557
19035,1219,32991,34210
19036,2569,68654,71223
19037,70,1659,1729
19038,20,619,639
19039,12,403,415
19040,4,296,300
19041,130,3620,3750
19043,31,1155,1186
19044,38,970,1008
19045,35,831,866
19046,75,1842,1917
19047,46,1086,1132
19048,48,1283,1331
19049,18,612,630
19050,75,1425,1500
19051,59,1635,1694
19052,96,2534,2630
19053,20,1079,1099
19054,54,1894,1948
19055,83,2690,2773
19056,66,1650,1716
19057,106,1948,2054
19058,90,2167,2257
19059,83,2371,2454
19060,25,696,721
19061,32,792,824
19062,226,5739,5965
19063,27,890,917
19064,107,2657,2764
19065,42,1289,1331
19066,139,3635,3774
19067,313,8558,8871
19068,119,3203,3322
19069,57,1457,1514
19070,12,575,587
19072,103,2407,2510
19073,41,1070,1111
19074,47,1205,1252
19075,54,1527,1581
19076,193,6108,6301
19077,57,1359,1416
19078,29,861,890
19079,68,1678,1746
19080,35,958,993
19081,137,3247,3384
19082,22,504,526
19083,59,1783,1842
19084,279,7765,8044
19085,104,2148,2252
19086,135,2986,3121
19087,36,1101,1137
19088,76,2020,2096
19089,38,1242,1280
19090,81,1813,1894
19091,10,383,393
19092,33,1283,1316
19093,9,513,522
19094,126,3362,3488
19095,136,3059,3195
19096,33,874,907
19097,273,7284,7557
19098,364,8347,8711
19099,109,2898,3007
19100,38,1457,1495
19101,21,579,600
19102,286,6569,6855
19103,53,1383,1436
19104,19,396,415
19105,17,471,488
19106,18,424,442
19107,72,1989,2061
19108,20,564,584
19109,105,2661,2766
19110,47,1585,1632
19111,105,3485,3590
19112,135,4369,4504
19113,139,3614,3753
19114,9,454,463
19115,6,332,338
19116,144,3783,3927
20001,79,2696,2775
20002,392,9617,10009
20003,225,5592,5817
20007,160,3900,4060
20008,138,4056,4194
20010,68,2116,2184
20011,138,2539,2677
20012,58,1414,1472
20013,146,3120,3266
20014,167,4352,4519
20015,618,12010,12628
20016,201,4975,5176
20017,1037,22446,23483
20018,117,3644,3761
20019,89,2449,2538
20020,36,1053,1089
20021,527,14201,14728
20022,106,3198,3304
20024,144,2856,3000
20025,65,2072,2137
20026,394,9634,10028
20027,319,8439,8758
20028,259,5703,5962
20029,41,1405,1446
20030,1674,47081,48755
20031,208,6166,6374
20032,40,745,785
20033,287,7386,7673
20034,175,3945,4120
20035,177,5150,5327
20036,204,4725,4929
20037,88,2355,2443
20038,225,6396,6621
20039,246,6675,6921
20041,66,1638,1704
20042,216,6246,6462
20043,49,1612,1661
20044,86,2250,2336
20045,543,15938,16481
20046,22,1035,1057
20047,163,5152,5315
20048,45,1163,1208
20050,73,2395,2468
20051,182,5072,5254
20052,218,6625,6843
20053,334,8391,8725
20054,139,4006,4145
20055,230,6544,6774
20056,42,1471,1513
20057,442,11388,11830
20058,39,1212,1251
20059,41,1597,1638
20060,30,1066,1096
20061,214,6981,7195
20062,57,1411,1468
20063,113,2546,2659
20064,71,1942,2013
20065,864,20042,20906
20066,786,19036,19822
20068,89,2014,2103
20070,243,6928,7171
20071,612,14064,14676
20072,198,5218,5416
20073,63,1849,1912
21001,83,1570,1653
21002,46,975,1021
21003,19,380,399
21004,721,14169,14890
21005,41,753,794
21006,152,3512,3664
21007,106,1659,1765
21008,4611,102856,107467
21009,36,630,666
21010,113,2178,2291
21011,1173,21525,22698
21012,133,2632,2765
21013,818,16126,16944
21014,10,379,389
21015,417,7696,8113
21016,144,2574,2718
21017,314,5298,5612
21018,115,2260,2375
21019,334,6723,7057
21020,89,1500,1589
21021,155,2802,2957
21022,273,4905,5178
21023,164,3269,3433
21024,86,2134,2220
21025,24,630,654
21026,64,1423,1487
21027,108,2214,2322
21028,155,3238,3393
21029,245,5214,5459
21030,192,2720,2912
21031,209,3441,3650
21032,62,964,1026
21033,140,2420,2560
21034,133,3105,3238
21035,86,1735,1821
21036,51,862,913
21037,282,5004,5286
21038,247,4834,5081
21039,138,2579,2717
21040,868,17310,18178
21041,693,11874,12567
21042,218,3889,4107
21043,13,324,337
21044,91,1462,1553
21045,71,1225,1296
21046,319,4851,5170
21047,209,2983,3192
21048,144,2703,2847
21049,36,796,832
21050,84,1602,1686
21051,1866,39034,40900
21052,132,2774,2906
21053,110,1610,1720
21054,132,1918,2050
21055,100,1950,2050
21056,312,5697,6009
21057,241,3088,3329
21058,115,1907,2022
21059,238,3791,4029
21060,213,3735,3948
21061,226,4665,4891
21062,185,3677,3862
21063,116,1527,1643
21064,49,694,743
21065,10,191,201
21066,94,1857,1951
21067,222,3445,3667
21068,23,515,538
21069,12,240,252
21070,269,4307,4576
21071,157,2791,2948
21072,434,7552,7986
21073,75,1305,1380
21074,182,3030,3212
21075,89,1180,1269
21076,231,3571,3802
21077,167,3271,3438
21079,163,2916,3079
21080,211,3366,3577
21081,182,3682,3864
21082,98,1671,1769
21083,186,3037,3223
21084,69,1455,1524
21085,120,1916,2036
21086,365,6763,7128
21087,151,2902,3053
21088,68,1334,1402
21089,116,2620,2736
21091,81,1191,1272
21092,80,1820,1900
21093,353,5911,6264
21094,91,1720,1811
21095,66,1135,1201
21096,109,1662,1771
21097,217,4482,4699
21098,196,3277,3473
21099,120,1862,1982
21100,49,959,1008
21101,104,2426,2530
21102,58,985,1043
21103,51,917,968
21104,202,2684,2886
21105,74,1046,1120
21106,172,3020,3192
21107,178,2891,3069
21108,323,5648,5971
21109,127,2196,2323
21110,182,3127,3309
21111,260,4610,4870
21112,66,916,982
21113,82,1505,1587
21114,86,1801,1887
21115,364,6595,6959
21116,238,2787,3025
21117,81,1299,1380
21118,43,732,775
22001,355,8437,8792
22002,69,1431,1500
22003,127,3060,3187
22005,46,1222,1268
22006,708,17090,17798
22007,181,3891,4072
22009,202,4872,5074
22011,56,1414,1470
22013,138,2608,2746
22015,19,427,446
22017,74,1442,1516
22018,17,379,396
22021,22,617,639
22022,276,6708,6984
22025,179,3842,4021
22026,10,240,250
22029,18,663,681
22032,53,1323,1376
22033,46,1048,1094
22034,180,3675,3855
22035,113,1883,1996
22036,19,690,709
22037,74,1446,1520
22038,55,1402,1457
22039,84,1931,2015
22040,22,557,579
22042,28,922,950
22043,20,500,520
22045,5,214,219
22047,83,2237,2320
22048,36,1131,1167
22049,39,1027,1066
22050,133,3908,4041
22051,50,1067,1117
22052,23,522,545
22053,104,2899,3003
22054,4,229,233
22058,32,676,708
22059,13,335,348
22060,4,294,298
22061,175,3905,4080
22062,325,6830,7155
22064,43,976,1019
22068,26,662,688
22071,17,404,421
22074,32,1179,1211
22078,23,551,574
22079,237,4820,5057
22081,32,882,914
22083,37,1018,1055
22085,24,457,481
22087,94,3056,3150
22089,54,1265,1319
22090,14,328,342
22091,15,378,393
22092,148,2372,2520
22093,45,704,749
22095,66,2020,2086
22097,60,1117,1177
22098,126,2628,2754
22102,37,1149,1186
22103,428,8691,9119
22104,307,7696,8003
22106,23,767,790
22108,48,822,870
22109,10,258,268
22110,87,2132,2219
22112,7,137,144
22113,36,562,598
22114,27,847,874
22115,59,1535,1594
22116,281,5247,5528
22117,330,7031,7361
22118,75,2607,2682
22120,43,1091,1134
22123,442,9532,9974
22124,88,2759,2847
22127,88,1987,2075
22128,63,1249,1312
22129,60,1035,1095
22130,30,760,790
22131,15,819,834
22133,4,161,165
22134,32,792,824
22135,50,937,987
22136,62,1772,1834
22137,41,741,782
22138,18,372,390
22139,900,20586,21486
22142,19,618,637
22143,121,3029,3150
22144,91,2327,2418
22147,150,4372,4522
22150,49,1286,1335
22153,690,16956,17646
22155,54,1330,1384
22156,115,2782,2897
22157,26,434,460
22159,15,424,439
22160,72,1560,1632
22161,1595,38359,39954
22162,9,398,407
22163,31,782,813
22164,9,170,179
22165,16,538,554
22167,197,3759,3956
22168,46,1074,1120
22169,46,870,916
22170,29,765,794
22171,54,1319,1373
22172,33,1370,1403
22173,14,350,364
22176,30,661,691
22177,19,766,785
22179,38,1206,1244
22180,44,1214,1258
22181,31,674,705
22182,56,1122,1178
22183,175,4359,4534
22184,28,581,609
22188,61,1837,1898
22189,23,567,590
22190,39,1012,1051
22191,80,1912,1992
22193,15,681,696
22195,38,616,654
22196,113,2822,2935
22199,173,3492,3665
22200,46,1275,1321
22202,19,654,673
22203,62,1406,1468
22205,4846,114033,118879
22209,15,443,458
22210,55,1309,1364
22213,72,1774,1846
22216,14,166,180
22222,166,3659,3825
22224,112,2908,3020
22226,72,1683,1755
22228,128,2767,2895
22229,214,5034,5248
22230,347,6431,6778
22231,65,1489,1554
22232,34,1107,1141
22233,77,2022,2099
22234,55,1375,1430
22235,59,1553,1612
22236,212,4862,5074
22237,31,515,546
22238,75,1888,1963
22239,36,671,707
22240,121,3156,3277
22241,104,2204,2308
22242,45,1352,1397
22243,125,2808,2933
22244,67,1685,1752
22245,172,5106,5278
22246,142,2752,2894
22247,51,1353,1404
22248,179,4980,5159
22249,167,4569,4736
22250,150,3548,3698
22251,126,2927,3053
22252,102,2385,2487
22253,164,3435,3599
22254,104,2527,2631
23001,94,2275,2369
23002,202,5169,5371
23003,108,2289,2397
23004,282,6043,6325
23005,121,2468,2589
23006,268,6902,7170
23007,138,3191,3329
23008,72,1691,1763
23009,86,1901,1987
23010,49,1308,1357
23011,134,3399,3533
23012,658,15392,16050
23013,46,1288,1334
23014,96,2390,2486
23015,883,19700,20583
23016,296,6807,7103
23017,368,7524,7892
23018,336,8166,8502
23019,191,5371,5562
23020,121,3514,3635
23021,471,11499,11970
23022,530,12770,13300
23023,269,5767,6036
23024,50,1470,1520
23025,685,15959,16644
23026,95,2470,2565
23027,341,8111,8452
23028,412,8386,8798
23029,52,1050,1102
23030,146,3727,3873
23031,105,2443,2548
23032,108,1819,1927
23033,35,749,784
23034,3,247,250
23035,139,3963,4102
23036,159,3984,4143
23037,196,5030,5226
23038,397,10319,10716
23039,214,4999,5213
23040,433,11329,11762
23041,146,3098,3244
23042,344,8265,8609
23043,217,6684,6901
23044,922,24521,25443
23045,126,3514,3640
23046,114,3008,3122
23047,101,2448,2549
23048,164,4406,4570
23049,179,4099,4278
23050,499,8520,9019
23051,437,7590,8027
23052,579,16172,16751
23053,343,8031,8374
23054,184,3667,3851
23055,515,9790,10305
23056,37,1194,1231
23057,121,2990,3111
23058,750,16617,17367
23059,407,10474,10881
23060,301,7057,7358
23061,109,2402,2511
23062,76,2106,2182
23063,195,3545,3740
23064,242,5720,5962
23065,112,2547,2659
23066,87,1510,1597
23067,82,1988,2070
23068,169,3610,3779
23069,1002,20400,21402
23070,198,4713,4911
23071,1035,24383,25418
23072,153,3933,4086
23073,802,15168,15970
23074,22,553,575
23075,129,2901,3030
23076,423,12493,12916
23077,507,11441,11948
23078,99,2431,2530
23079,52,1379,1431
23080,31,861,892
23081,278,6865,7143
23082,552,14236,14788
23083,736,16893,17629
23084,117,2840,2957
23085,79,2067,2146
23086,108,2954,3062
23087,224,4678,4902
23088,144,2612,2756
23089,773,14986,15759
23090,28,731,759
23091,9545,248486,258031
23092,289,4861,5150
23093,108,2428,2536
23094,490,9759,10249
23095,218,5541,5759
23096,1291,31974,33265
23097,658,14884,15542
23098,215,4654,4869
24001,62,1341,1403
24002,75,1902,1977
24003,65,1521,1586
24004,458,11386,11844
24005,87,2061,2148
24006,257,7550,7807
24007,92,2944,3036
24008,1066,24058,25124
24009,228,6121,6349
24010,38,830,868
24012,1516,41011,42527
24013,241,6273,6514
24014,296,8143,8439
24015,230,6377,6607
24016,110,3094,3204
24017,183,3804,3987
24018,393,10935,11328
24019,105,2403,2508
24020,40,1245,1285
24021,497,10677,11174
24022,70,1596,1666
24024,120,3412,3532
24025,124,3599,3723
24026,674,14369,15043
24027,88,2760,2848
24028,255,5867,6122
24029,556,12018,12574
24030,77,2416,2493
24032,107,3050,3157
24034,456,11272,11728
24035,349,7356,7705
24036,385,10929,11314
24037,60,1220,1280
24038,515,13320,13835
24039,37,1517,1554
24040,130,3590,3720
24041,20,642,662
24042,66,2276,2342
24043,163,3239,3402
24044,38,793,831
24046,187,4079,4266
24047,188,3580,3768
24048,423,9865,10288
24049,4,121,125
24050,1,183,184
24051,170,5448,5618
24052,676,15252,15928
24053,109,3484,3593
24055,602,14169,14771
24056,359,9021,9380
24057,509,13513,14022
24060,253,6197,6450
24061,944,22212,23156
24062,176,4727,4903
24063,104,2683,2787
24064,119,3268,3387
24065,63,1751,1814
24066,105,2748,2853
24067,292,8775,9067
24068,113,2964,3077
24070,303,7300,7603
24071,127,2961,3088
24072,80,1155,1235
24073,145,4726,4871
24074,327,8587,8914
24075,92,2944,3036
24076,14,694,708
24077,87,2078,2165
24078,296,7841,8137
24079,148,4133,4281
24080,10,554,564
24081,95,3024,3119
24082,107,2700,2807
24083,223,5679,5902
24084,166,5974,6140
24085,159,4022,4181
24086,512,13660,14172
24087,602,13997,14599
24088,386,7752,8138
24089,19,627,646
24090,34,982,1016
24091,301,7893,8194
24094,77,1516,1593
24095,190,5369,5559
24096,131,3468,3599
24097,223,5090,5313
24098,333,6337,6670
24099,94,2551,2645
24100,1445,37190,38635
24101,61,1746,1807
24102,151,4043,4194
24103,295,7180,7475
24104,573,12247,12820
24105,979,22985,23964
24106,19,486,505
24107,189,5627,5816
24108,454,11312,11766
24110,334,8341,8675
24111,855,24851,25706
24112,42,1176,1218
24113,86,2965,3051
24115,70,2172,2242
24116,3963,107150,111113
24117,63,1848,1911
24118,241,5873,6114
24119,246,6370,6616
24120,56,1307,1363
24121,27,771,798
24122,252,6542,6794
24123,119,2924,3043
24124,228,6072,6300
24125,155,4759,4914
24126,208,5736,5944
24127,138,4462,4600
25001,143,3931,4074
25002,90,2597,2687
25003,43,1121,1164
25004,56,2150,2206
25005,67,3083,3150
25006,1131,34391,35522
25007,32,807,839
25008,66,1840,1906
25010,37,1221,1258
25011,137,3788,3925
25012,32,1230,1262
25013,4,357,361
25014,9,346,355
25015,81,2015,2096
25016,131,5538,5669
25017,12,428,440
25018,62,2204,2266
25019,51,1809,1860
25021,699,19792,20491
25022,91,2991,3082
25023,29,1056,1085
25025,10,535,545
25026,72,2627,2699
25027,25,1042,1067
25029,195,5114,5309
25030,51,1264,1315
25032,22,535,557
25033,30,1256,1286
25035,6,263,269
25036,128,4195,4323
25037,11,356,367
25039,112,3617,3729
25040,250,7753,8003
25043,15,604,619
25044,40,1134,1174
25045,32,1541,1573
25046,13,360,373
25047,52,1505,1557
25048,233,6416,6649
25049,13,598,611
25050,74,2344,2418
25051,80,1875,1955
25053,426,9751,10177
25054,15,474,489
25055,86,2331,2417
25056,105,2986,3091
25057,7,359,366
25058,35,1283,1318
25059,66,1662,1728
25060,27,1265,1292
25062,11,462,473
25063,59,1788,1847
25065,35,1328,1363
25066,26,803,829
25067,21,809,830
25069,4,187,191
25070,121,2979,3100
25071,137,4982,5119
25072,223,6425,6648
25073,64,2778,2842
25074,418,13070,13488
26001,313,6771,7084
26002,185,4318,4503
26003,379,8678,9057
26004,225,5684,5909
26005,279,7386,7665
26006,332,7567,7899
26007,144,4507,4651
26008,386,10852,11238
26009,508,12641,13149
26010,426,10909,11335
26011,105,2182,2287
26012,1187,32170,33357
26013,322,6801,7123
26014,112,2751,2863
26015,204,3629,3833
26016,146,3501,3647
26017,132,3245,3377
26018,83,2499,2582
26019,228,5068,5296
26020,177,4890,5067
26021,1148,33332,34480
26022,245,6654,6899
26023,266,6027,6293
26025,267,5813,6080
26026,357,8164,8521
26027,122,3536,3658
26028,224,5430,5654
26029,276,5713,5989
26030,79,2740,2819
26031,204,5817,6021
26032,220,4965,5185
26033,225,5693,5918
26034,158,3881,4039
26035,399,8782,9181
26036,449,8823,9272
26037,236,4749,4985
26038,381,9227,9608
26039,218,4911,5129
26040,307,8910,9217
26041,142,2783,2925
26042,97,3066,3163
26043,860,26701,27561
26044,213,4225,4438
26045,35,1270,1305
26046,1210,29919,31129
26047,176,4248,4424
26048,110,2701,2811
26049,374,10267,10641
26050,217,6366,6583
26051,747,19597,20344
26052,211,4269,4480
26053,149,3710,3859
26055,902,21124,22026
26056,279,7055,7334
26057,453,11352,11805
26058,352,7933,8285
26059,497,12413,12910
26060,20,719,739
26061,86,2110,2196
26062,191,4906,5097
26063,633,16263,16896
26064,431,9514,9945
26065,46,1650,1696
26066,464,8943,9407
26067,67,2042,2109
26068,462,10476,10938
26069,559,14109,14668
26070,272,6324,6596
26071,512,12283,12795
26072,271,6604,6875
26073,138,4954,5092
26074,177,4769,4946
26075,340,8780,9120
26076,355,9542,9897
26077,334,6983,7317
26078,78,2897,2975
26079,57,1781,1838
26080,257,5914,6171
26081,350,9845,10195
26082,505,11808,12313
26083,456,11251,11707
26084,132,4096,4228
26085,454,10250,10704
26086,3053,81784,84837
26087,363,9777,10140
26088,275,6583,6858
26089,717,15774,16491
26090,152,3520,3672
26091,545,17223,17768
26092,843,26636,27479
26093,427,9656,10083
26094,67,1662,1729
26095,514,10943,11457
26096,238,6312,6550
27001,136,3681,3817
27002,256,6901,7157
27003,409,10280,10689
27004,507,12529,13036
27005,321,10921,11242
27006,345,12836,13181
27007,231,5873,6104
27008,1534,46689,48223
27009,111,3061,3172
27010,79,2796,2875
27011,329,9927,10256
27012,546,14507,15053
27013,396,11664,12060
27014,385,8080,8465
27015,187,3963,4150
27016,186,5647,5833
27017,264,6789,7053
27018,98,2662,2760
27019,874,25637,26511
27020,735,16823,17558
27021,702,20692,21394
27022,224,6012,6236
27023,1227,36742,37969
27024,917,26242,27159
27025,434,10888,11322
27026,564,15544,16108
27027,285,6712,6997
27028,462,11796,12258
27029,789,23803,24592
27030,198,4461,4659
27031,297,7749,8046
27032,459,12399,12858
27033,1469,40338,41807
27034,313,11401,11714
27035,625,16916,17541
27036,515,12284,12799
27037,665,18380,19045
27038,999,26878,27877
27039,264,7279,7543
27040,81,2163,2244
27041,191,4577,4768
27042,8196,247887,256083
27043,370,9566,9936
27044,420,12975,13395
28001,680,19415,20095
28002,97,3096,3193
28003,1126,25315,26441
28004,105,4077,4182
28005,52,1749,1801
28006,75,2055,2130
28007,194,4705,4899
28008,99,3309,3408
28009,78,2981,3059
28010,11,606,617
28011,132,3673,3805
28012,71,2345,2416
28013,380,8482,8862
28014,124,3367,3491
28015,263,6891,7154
28016,551,15421,15972
28017,661,14119,14780
28018,86,2527,2613
28019,468,11406,11874
28020,216,5467,5683
28021,83,2160,2243
28022,36,1473,1509
28023,294,7200,7494
28026,147,4414,4561
28027,172,4609,4781
28028,160,5170,5330
28029,47,1399,1446
28030,193,5455,5648
28031,58,1902,1960
28032,752,19320,20072
28033,261,6150,6411
28034,352,9717,10069
28035,161,4929,5090
28036,278,6825,7103
28037,475,15515,15990
28038,325,7593,7918
28039,283,6844,7127
28040,125,4165,4290
28041,199,4101,4300
28042,202,4312,4514
28043,62,1903,1965
28044,377,8844,9221
28045,286,7769,8055
28046,363,7273,7636
28047,93,2891,2984
28048,304,8840,9144
28049,63,1683,1746
28050,260,5810,6070
28052,55,1766,1821
28053,57,2461,2518
28054,469,11180,11649
28055,562,16696,17258
28056,273,8621,8894
28057,335,11031,11366
28058,424,11083,11507
28059,182,5387,5569
28060,7099,202631,209730
28061,125,3644,3769
28062,33,1226,1259
28063,376,10670,11046
28064,419,9065,9484
28065,754,19321,20075
28066,152,3206,3358
28067,85,2316,2401
28068,155,3519,3674
28069,412,12981,13393
28070,107,3395,3502
28071,204,4702,4906
28072,667,16054,16721
28073,165,4765,4930
28075,435,9710,10145
28076,296,6117,6413
28077,561,12549,13110
28078,145,4223,4368
28079,126,2918,3044
28080,297,6871,7168
28082,237,6979,7216
28083,106,2415,2521
28084,56,1886,1942
28085,373,10053,10426
28086,801,22119,22920
28087,222,6621,6843
28088,133,3980,4113
28089,271,8670,8941
28090,107,2583,2690
28091,311,7957,8268
28092,186,5951,6137
28093,532,12409,12941
28094,137,4130,4267
28095,73,1976,2049
28096,210,4543,4753
28097,63,1696,1759
28098,32,869,901
28099,414,12621,13035
28100,881,22199,23080
28101,230,5334,5564
28102,51,2084,2135
28103,413,10078,10491
28104,253,5910,6163
28105,108,3150,3258
28106,288,8653,8941
28107,280,6765,7045
29001,541,18409,18950
29002,117,3981,4098
29003,80,2548,2628
29004,304,9749,10053
29005,33,1162,1195
29006,62,2391,2453
29007,46,1407,1453
29008,11,672,683
29009,70,2550,2620
29010,26,852,878
29011,65,1456,1521
29012,126,3890,4016
29013,103,2521,2624
29014,58,1525,1583
29015,95,3420,3515
29017,64,2153,2217
29018,69,2374,2443
29019,58,1689,1747
29021,51,2146,2197
29022,116,3775,3891
29023,38,1332,1370
29024,70,2472,2542
29025,28,961,989
29026,33,1437,1470
29027,55,2013,2068
29028,40,1070,1110
29029,374,11143,11517
29030,87,3239,3326
29031,106,3292,3398
29032,47,1650,1697
29033,433,11619,12052
29034,30,1362,1392
29035,39,1474,1513
29036,36,1085,1121
29037,105,3618,3723
29038,84,2108,2192
29039,258,8945,9203
29040,175,6120,6295
29041,1406,49129,50535
29042,25,1056,1081
29043,43,1021,1064
29044,116,3661,3777
29045,99,3066,3165
29046,254,7776,8030
29047,74,2507,2581
29048,137,4730,4867
29049,34,1119,1153
29050,54,1937,1991
29051,30,835,865
29052,393,13518,13911
30001,49,2130,2179
30002,33,815,848
30003,20,921,941
30004,62,3125,3187
30005,53,1980,2033
30006,90,2740,2830
30007,41,1644,1685
30008,106,3346,3452
30009,201,5037,5238
30010,76,2315,2391
30011,48,1749,1797
30012,16,697,713
30013,185,6179,6364
30014,115,3769,3884
30015,51,1507,1558
30016,311,7552,7863
30018,73,2655,2728
30019,86,2758,2844
30020,105,3605,3710
30021,38,923,961
30022,18,634,652
30023,439,13121,13560
30024,30,635,665
30025,16,605,621
30026,328,10641,10969
30027,585,15324,15909
30028,65,2111,2176
30029,7,442,449
30030,93,3028,3121
30031,66,2025,2091
30032,69,2244,2313
30033,3,153,156
30034,0,99,99
30035,31,1247,1278
30036,78,2723,2801
30037,191,5864,6055
30039,36,1061,1097
30040,9,522,531
30041,19,892,911
30042,11,546,557
30043,310,10324,10634
30044,127,4494,4621
30045,1,304,305
30046,454,12814,13268
30047,23,655,678
30048,103,3571,3674
30049,223,6647,6870
30051,8,597,605
30052,69,2222,2291
30053,177,5663,5840
30054,32,877,909
30055,184,6132,6316
30056,54,1688,1742
30057,234,6664,6898
30058,61,2475,2536
30059,43,1587,1630
30060,48,1611,1659
30061,10,485,495
30062,160,4690,4850
30063,66,2368,2434
30064,65,2335,2400
30065,79,2507,2586
30066,88,2738,2826
30067,37,1754,1791
30068,193,4959,5152
30069,64,2817,2881
30070,188,5188,5376
30071,54,1949,2003
30072,323,8976,9299
30073,62,2320,2382
30074,143,5384,5527
30075,44,2355,2399
30076,38,1307,1345
30077,70,2410,2480
30078,173,5237,5410
30079,263,6630,6893
30080,148,3406,3554
30081,28,842,870
30082,38,1412,1450
30083,120,3895,4015
30084,11,249,260
30085,18,711,729
30086,26,823,849
30087,67,2743,2810
30088,10,487,497
30089,7,437,444
30090,135,4655,4790
30091,234,5876,6110
30092,23,914,937
30093,6,266,272
30094,9,376,385
30095,67,2313,2380
30097,64,1884,1948
30098,90,2727,2817
30099,244,7679,7923
30100,243,7132,7375
30101,204,5897,6101
30102,21,1026,1047
30103,43,2086,2129
30104,76,2237,2313
30105,29,1190,1219
30106,69,1621,1690
30107,19,374,393
30108,2,349,351
30109,137,3544,3681
30110,23,843,866
30111,4,313,317
30112,43,1194,1237
30113,12,542,554
30114,125,3775,3900
30116,304,8526,8830
30117,110,3992,4102
30118,563,14217,14780
30120,84,2676,2760
30121,298,9700,9998
30122,50,2009,2059
30123,46,2631,2677
30124,66,2050,2116
30126,60,1626,1686
30127,283,7321,7604
30128,46,1540,1586
30129,3420,94736,98156
30130,68,2595,2663
30131,41,1935,1976
30132,21,824,845
30133,63,2103,2166
30135,34,782,816
30136,14,548,562
30137,38,1676,1714
30138,31,1099,1130
30188,173,6001,6174
30189,48,1257,1305
30190,188,6087,6275
30191,26,676,702
31001,39,1583,1622
31002,210,7040,7250
31003,34,1306,1340
31004,5,320,325
31005,47,1651,1698
31006,86,2891,2977
31007,1082,33005,34087
31008,202,6171,6373
31009,206,7753,7959
31010,38,1437,1475
31011,37,928,965
31012,1306,27927,29233
31013,21,672,693
31014,55,1470,1525
31015,119,3587,3706
31016,386,11465,11851
31017,49,2106,2155
31018,194,5916,6110
31019,12,735,747
31020,49,1469,1518
31021,62,1915,1977
31022,43,1697,1740
31023,263,7003,7266
31024,72,2736,2808
31025,52,1618,1670
32001,226,8147,8373
32002,28,829,857
32003,350,12616,12966
32004,164,5668,5832
32005,58,1994,2052
32006,6456,194153,200609
33001,60,1912,1972
33002,174,4499,4673
33003,24,922,946
33004,58,2554,2612
33005,81,3406,3487
33006,357,7632,7989
33007,242,5669,5911
33008,62,2345,2407
33010,186,4554,4740
33011,300,7340,7640
33012,133,4415,4548
33013,603,13210,13813
33014,167,5056,5223
33015,1,118,119
33016,22,831,853
33017,10,542,552
33018,193,4421,4614
33019,11,1067,1078
33020,17,1120,1137
33021,552,14395,14947
33022,58,2046,2104
33023,183,5483,5666
33024,189,4302,4491
33025,59,2085,2144
33026,115,3742,3857
33027,188,4930,5118
33028,16,910,926
33030,4,464,468
33032,4230,98501,102731
33033,82,2091,2173
33034,11,583,594
33035,322,8816,9138
33036,130,4443,4573
33037,253,6259,6512
33038,233,6779,7012
33039,551,11660,12211
33040,196,5404,5600
33041,11,797,808
33042,131,2765,2896
33043,52,2058,2110
33044,45,1972,2017
33045,135,4058,4193
33046,37,1644,1681
33047,0,70,70
33048,66,2385,2451
33049,63,2874,2937
34001,63,2038,2101
34002,43,2001,2044
34003,74,3126,3200
34004,51,1937,1988
34005,8,668,676
34006,189,6526,6715
34007,278,6549,6827
34008,82,1967,2049
34009,623,14011,14634
34010,406,8602,9008
34011,31,1030,1061
34012,43,1712,1755
34013,353,8798,9151
34014,1232,25755,26987
34015,264,6749,7013
34016,235,5389,5624
34017,221,5685,5906
34018,486,10113,10599
34019,221,4812,5033
34020,423,10280,10703
34022,12,831,843
34023,424,10653,11077
34024,123,3343,3466
34025,544,12594,13138
34026,26,1034,1060
34027,7912,188086,195998
34028,22,933,955
34030,102,2776,2878
34031,237,5520,5757
34032,749,19070,19819
34033,256,5511,5767
34035,57,1665,1722
34036,188,4602,4790
34038,39,1133,1172
34039,83,2039,2122
34040,9,885,894
34041,337,7365,7702
34042,396,9160,9556
34044,9,504,513
34045,105,2512,2617
34046,23,1134,1157
34049,277,7452,7729
34050,103,3036,3139
34051,475,12208,12683
35001,269,8474,8743
35002,370,9258,9628
35003,111,3098,3209
35004,402,9738,10140
35005,231,5080,5311
35006,252,5423,5675
35008,451,10253,10704
35009,230,5405,5635
35010,263,5029,5292
35011,125,3752,3877
35012,777,18169,18946
35013,149,4306,4455
35014,618,14746,15364
35015,324,8091,8415
35016,392,9968,10360
35017,363,9465,9828
35018,126,3550,3676
35020,1002,23964,24966
35021,302,6316,6618
35022,203,5512,5715
35023,232,6085,6317
35024,551,14195,14746
35026,277,8243,8520
35027,408,10025,10433
35028,513,12855,13368
35029,274,6902,7176
35030,473,12642,13115
35032,367,8705,9072
35033,7011,163590,170601
35034,213,5749,5962
35035,185,3836,4021
35036,580,14289,14869
35037,340,7879,8219
35038,220,5953,6173
35039,440,10719,11159
35040,992,24680,25672
35041,137,4058,4195
35042,61,1740,1801
35043,165,4158,4323
35044,106,3203,3309
35045,106,3434,3540
35046,96,3896,3992
36001,188,3946,4134
36002,439,9703,10142
36003,333,8272,8605
36004,154,3038,3192
36005,2786,68944,71730
36006,1330,31578,32908
36007,605,14476,15081
36008,486,10798,11284
36009,239,6721,6960
36010,259,7903,8162
36011,72,2879,2951
36012,554,14493,15047
36013,666,16322,16988
36014,44,1152,1196
36015,1440,33101,34541
36016,44,1757,1801
36017,143,3860,4003
36018,71,2585,2656
36019,692,16687,17379
36020,222,5075,5297
36021,241,6060,6301
36022,928,23175,24103
36023,7313,179101,186414
36024,25,889,914
36025,61,2023,2084
36026,88,3120,3208
36027,647,15363,16010
36028,333,9650,9983
36029,59,2014,2073
36030,698,17281,17979
36031,82,2103,2185
36032,44,1536,1580
36033,146,3607,3753
36034,258,5936,6194
36035,15,661,676
36036,276,6257,6533
36037,418,10323,10741
36038,88,3383,3471
36039,251,5724,5975
36040,1556,39166,40722
36041,340,8949,9289
36042,296,8108,8404
36043,61,2374,2435
36044,520,14954,15474
36045,597,12248,12845
36046,1184,24542,25726
36047,131,4436,4567
37001,500,11853,12353
37002,334,9407,9741
37003,271,6803,7074
37005,227,5574,5801
37006,14916,376770,391686
37007,124,3104,3228
37008,698,17670,18368
37009,493,12986,13479
37010,46,1754,1800
37011,1310,34742,36052
37012,106,3267,3373
37013,35,1822,1857
37014,29,1160,1189
37015,91,3216,3307
37016,197,4332,4529
37017,228,6326,6554
37019,658,17973,18631
37020,744,20042,20786
37021,682,15188,15870
37022,144,5274,5418
37024,599,13076,13675
37025,257,6352,6609
37026,67,1878,1945
37027,166,4644,4810
37028,232,5272,5504
37030,505,11966,12471
37031,124,3758,3882
37032,2579,67276,69855
37033,56,2105,2161
37034,142,4186,4328
37035,318,8767,9085
37036,218,6513,6731
37037,662,15937,16599
37038,328,8613,8941
37039,562,15086,15648
37040,113,3586,3699
37041,191,5914,6105
37042,286,10409,10695
37044,217,6129,6346
37045,177,4436,4613
37046,549,13378,13927
37047,558,16914,17472
37048,279,6853,7132
37050,323,8155,8478
37051,117,4086,4203
37052,368,8680,9048
37053,1002,27046,28048
37054,1129,31536,32665
37055,546,12132,12678
37056,280,7059,7339
37057,439,14322,14761
37059,286,7322,7608
37060,692,18421,19113
37061,1242,30261,31503
37062,225,6610,6835
38001,679,20461,21140
38003,418,13487,13905
38004,1406,33701,35107
38005,254,11043,11297
38006,511,21570,22081
38007,333,15541,15874
38008,3929,127740,131669
38010,59,2627,2686
38011,134,4626,4760
38012,74,2258,2332
38014,168,6381,6549
38017,114,5655,5769
38018,378,9409,9787
38019,364,11142,11506
38022,248,7342,7590
38023,81,3565,3646
38025,106,3482,3588
38027,201,8292,8493
38028,363,9463,9826
38029,178,7395,7573
38030,166,6717,6883
39001,335,11291,11626
39002,536,15866,16402
39003,107,2307,2414
39004,192,7052,7244
39005,77,2425,2502
39006,386,9163,9549
39007,816,27958,28774
39008,425,9129,9554
39009,284,7045,7329
39010,2311,56752,59063
39011,319,7763,8082
39012,1133,30801,31934
39013,454,10047,10501
39014,5185,151278,156463
39015,217,5482,5699
39016,458,11678,12136
39017,121,2777,2898
39018,157,4316,4473
40001,161,5460,5621
40003,431,10585,11016
40004,118,2760,2878
40005,242,6022,6264
40007,3243,93277,96520
40008,831,25161,25992
40009,121,3580,3701
40011,62,1505,1567
40012,4250,113157,117407
40013,471,12628,13099
40014,98,2287,2385
40015,418,10243,10661
40016,416,8873,9289
40018,292,6927,7219
40019,405,9505,9910
40020,261,6560,6821
40022,136,4221,4357
40028,60,1644,1704
40031,29,716,745
40032,210,5973,6183
40033,15,701,716
40036,40,1726,1766
40037,134,3282,3416
40041,496,11688,12184
40043,146,3907,4053
40044,98,3203,3301
40045,750,17108,17858
40046,127,2990,3117
40049,28,1114,1142
40050,59,1691,1750
41001,157,4083,4240
41002,43,1706,1749
41005,34,716,750
41006,11,529,540
41007,251,7821,8072
41008,43,1978,2021
41009,53,1555,1608
41010,311,7663,7974
41013,2095,58041,60136
41014,350,7940,8290
41015,317,8806,9123
41016,25,857,882
41017,14,277,291
41018,30,1192,1222
41019,159,5438,5597
41020,209,4672,4881
41021,9,547,556
41022,65,1400,1465
41023,78,1826,1904
41025,45,1253,1298
41026,37,971,1008
41027,56,1986,2042
41028,107,3556,3663
41029,504,13803,14307
41030,130,2593,2723
41031,20,616,636
99030,30,1034,1064
41034,69,2448,2517
41035,25,1050,1075
41036,305,6628,6933
41038,89,2712,2801
41041,22,629,651
41043,178,5671,5849
41044,3033,92917,95950
41045,130,2638,2768
41047,101,1953,2054
41048,16,594,610
41049,50,1789,1839
41051,166,4417,4583
41054,100,3076,3176
41057,161,3758,3919
41058,53,1410,1463
99031,48,1304,1352
41061,12,932,944
41064,31,821,852
41065,308,7570,7878
41066,265,6621,6886
41067,396,13611,14007
41068,610,14298,14908
41069,537,11665,12202
41070,169,4974,5143
41071,202,4668,4870
42001,163,4584,4747
42002,3400,95873,99273
42003,97,4175,4272
42004,50,1231,1281
42005,86,2047,2133
42006,247,6913,7160
42007,95,2430,2525
42008,198,4758,4956
42010,731,17786,18517
42011,48,1549,1597
42012,134,3331,3465
42013,79,3407,3486
42014,477,13912,14389
42015,174,4674,4848
42016,138,4280,4418
42017,978,28506,29484
42018,808,24919,25727
42019,319,8715,9034
42020,47,1632,1679
42021,1338,38102,39440
42022,441,12384,12825
42023,198,5952,6150
42024,27,964,991
42025,121,3178,3299
42026,72,1773,1845
42027,303,9593,9896
42029,142,2910,3052
42030,224,6520,6744
42031,53,1760,1813
42032,99,3642,3741
42033,82,1969,2051
42034,1387,33439,34826
42035,247,6217,6464
42036,78,3047,3125
42037,22,626,648
42038,201,4383,4584
42040,68,1822,1890
42041,71,1912,1983
42042,34,886,920
42043,139,3909,4048
42044,202,6674,6876
42045,1361,42962,44323
42046,144,3506,3650
42047,82,2514,2596
42048,138,3931,4069
42049,86,2026,2112
42050,294,7173,7467
43002,62,2011,2073
43003,151,3914,4065
43004,56,1771,1827
43005,9,144,153
43006,66,1618,1684
43007,181,6131,6312
43008,8,503,511
43009,129,4235,4364
43010,1,240,241
43011,15,428,443
43012,346,9451,9797
43013,1609,40285,41894
43014,40,1150,1190
43015,627,14314,14941
43016,61,1856,1917
43017,12,630,642
43019,34,1254,1288
43020,17,521,538
43021,34,702,736
43022,47,2156,2203
43023,1443,39636,41079
43024,305,9059,9364
43025,193,4214,4407
43026,257,6704,6961
43027,2,106,108
43028,347,7037,7384
43029,113,3202,3315
43030,133,3303,3436
43031,336,7207,7543
43032,14,683,697
43033,433,9546,9979
43034,30,819,849
43035,26,966,992
43036,74,1794,1868
43038,38,1246,1284
43039,30,971,1001
43040,2,219,221
43041,235,6115,6350
43042,530,11633,12163
43043,553,15099,15652
43044,724,20141,20865
43045,30,789,819
43046,79,3070,3149
43047,407,11602,12009
43048,36,1249,1285
43049,96,2984,3080
43050,13,403,416
43051,29,881,910
43052,35,996,1031
43053,621,17877,18498
43054,306,8817,9123
43055,65,2383,2448
43056,7,374,381
43057,30,975,1005
43058,23,896,919
44001,67,2508,2575
44002,103,3565,3668
44005,52,1656,1708
44006,24,1016,1040
44007,1295,45259,46554
44010,21,964,985
44011,364,8094,8458
44012,75,2564,2639
44013,69,2201,2270
44014,162,3493,3655
44015,123,2858,2981
44016,16,856,872
44017,175,5180,5355
44020,336,8580,8916
44021,26,1149,1175
44023,577,15383,15960
44027,74,2231,2305
44029,61,1590,1651
44031,184,4302,4486
44032,56,1908,1964
44034,12,467,479
44036,51,1940,1991
44038,9,454,463
44044,17,529,546
44045,587,12233,12820
44054,115,4655,4770
44056,1,164,165
44063,136,3925,4061
44064,75,1851,1926
44065,17,817,834
44066,1514,45462,46976
44071,241,7007,7248
44073,59,1870,1929
45001,360,10421,10781
45002,35,1700,1735
45003,1768,59065,60833
45004,22,966,988
45005,14,658,672
45006,65,2144,2209
45007,154,7146,7300
45008,115,4514,4629
45009,157,4647,4804
45010,2070,64907,66977
45011,323,9727,10050
45012,55,2238,2293
45013,57,2049,2106
45014,190,6760,6950
45015,56,1869,1925
45016,128,4464,4592
45017,14,978,992
46001,673,14946,15619
46002,138,5491,5629
46003,304,9270,9574
46004,187,6532,6719
46005,955,30806,31761
46006,49,2013,2062
46007,1684,44705,46389
46008,11,511,522
46009,181,5504,5685
46010,49,1651,1700
46011,129,5032,5161
46013,151,7066,7217
46014,19,548,567
46015,114,3466,3580
46017,3031,86347,89378
46018,689,21262,21951
46019,34,1819,1853
46020,30,988,1018
46021,169,4184,4353
46022,73,3269,3342
46023,33,2145,2178
46024,635,22486,23121
46025,65,2253,2318
46026,351,8479,8830
46027,38,1330,1368
46028,393,12163,12556
46030,72,2826,2898
46031,18,847,865
46033,1987,59264,61251
46034,66,1428,1494
46035,36,1205,1241
46036,14,737,751
46037,17,989,1006
47002,727,17385,18112
47003,279,8489,8768
47005,214,7158,7372
47006,201,6078,6279
47007,108,3022,3130
47008,236,7471,7707
47009,766,20133,20899
47010,348,10409,10757
47011,735,19717,20452
47012,674,18576,19250
47013,289,8878,9167
47014,3043,86686,89729
47016,312,8480,8792
47017,1065,25859,26924
47018,30,1414,1444
47020,415,11249,11664
47021,223,5389,5612
47022,156,4349,4505
47023,43,1930,1973
47024,159,7550,7709
48001,789,24534,25323
48002,425,10445,10870
48004,669,17538,18207
48005,728,17692,18420
48006,1947,45924,47871
48008,300,7556,7856
48010,683,16754,17437
48011,392,10540,10932
48012,502,15130,15632
48013,151,5288,5439
48014,1646,47028,48674
48015,459,13386,13845
48017,12709,355710,368419
48018,114,4385,4499
48019,794,22196,22990
48020,161,4631,4792
48021,445,12981,13426
48022,492,14005,14497
48024,746,19068,19814
48025,44,1789,1833
48026,80,2874,2954
48027,109,3396,3505
48028,532,13737,14269
48030,434,12808,13242
48031,30,1081,1111
48032,253,7460,7713
48033,710,19767,20477
48035,601,15933,16534
48036,298,8317,8615
48037,206,6959,7165
48038,555,16135,16690
48039,30,1037,1067
48041,1692,48768,50460
48043,1758,47557,49315
48044,741,18470,19211
48046,187,5000,5187
48049,244,7812,8056
48050,464,14280,14744
48052,798,22518,23316
48053,442,11629,12071
48054,384,11569,11953
49001,130,3055,3185
49002,366,12219,12585
49003,157,4553,4710
49004,136,3721,3857
49005,13,378,391
49006,303,8489,8792
49007,899,27083,27982
49008,562,15819,16381
49009,5140,150230,155370
49010,41,2009,2050
49011,56,1838,1894
49012,877,31771,32648
49013,114,3590,3704
49014,420,11494,11914
49017,852,29286,30138
49018,187,6386,6573
49019,15,474,489
49020,95,2890,2985
49021,91,3257,3348
50001,391,8153,8544
50002,172,5366,5538
50003,219,6153,6372
50004,544,12156,12700
50005,268,6095,6363
50006,36,1017,1053
50008,1705,43300,45005
50009,512,12907,13419
50010,67,1810,1877
50011,79,2042,2121
50012,34,1284,1318
50014,113,3534,3647
50015,32,1136,1168
50016,26,1246,1272
50019,59,1624,1683
50020,78,2056,2134
50021,24,723,747
50022,439,10621,11060
50023,22,607,629
50024,140,4379,4519
50025,159,4490,4649
50026,2970,86999,89969
50027,190,5283,5473
50028,618,14848,15466
50029,1170,28100,29270
50030,55,1499,1554
50031,935,29980,30915
50032,1019,26766,27785
50033,719,13830,14549
50034,35,1572,1607
50035,560,12747,13307
50036,147,4292,4439
50037,383,11550,11933
50038,320,8221,8541
50039,249,9581,9830
50040,377,11757,12134
50041,188,5205,5393
51001,189,5239,5428
51002,3343,94030,97373
51003,27,969,996
51004,400,11446,11846
51005,347,9600,9947
51006,189,5022,5211
51007,39,1322,1361
51008,85,2902,2987
51010,78,2466,2544
51011,55,2031,2086
51012,486,12526,13012
51013,287,9160,9447
51014,23,857,880
51015,53,1841,1894
51016,321,8487,8808
51017,716,20697,21413
51018,364,8860,9224
51020,217,5620,5837
51021,111,3347,3458
51022,132,3301,3433
51023,9,512,521
51024,53,1665,1718
51025,292,8334,8626
51026,938,23223,24161
51027,25,820,845
51030,87,2928,3015
51031,178,5779,5957
51033,561,16076,16637
51034,548,14896,15444
51035,40,1187,1227
51037,203,6094,6297
51038,21,959,980
51039,434,11671,12105
51040,405,9407,9812
51041,137,5332,5469
51042,225,6277,6502
52001,165,5956,6121
52002,230,6703,6933
52003,106,2952,3058
52004,133,3587,3720
52005,111,2622,2733
52006,327,8633,8960
52007,61,2096,2157
52008,60,2456,2516
52009,199,6614,6813
52010,78,1723,1801
52011,248,7876,8124
52012,847,20905,21752
52013,85,2553,2638
52015,384,13100,13484
52016,416,9595,10011
52017,387,8653,9040
52018,44,1491,1535
52019,90,2327,2417
52020,132,3884,4016
52021,50,1972,2022
52022,1038,27743,28781
52023,42,1463,1505
52024,32,1039,1071
52025,24,895,919
52026,187,4987,5174
52027,40,1506,1546
52028,251,7323,7574
52030,102,2534,2636
52031,156,4372,4528
52032,1688,52435,54123
52033,400,11795,12195
52034,409,9535,9944
52035,246,6832,7078
52036,26,1177,1203
52037,204,5469,5673
53001,127,4175,4302
53002,74,2304,2378
53003,111,3803,3914
53004,163,4650,4813
53005,27,1323,1350
53006,167,6967,7134
53007,61,2353,2414
53008,103,2917,3020
53009,554,20094,20648
53010,245,8019,8264
53011,2703,78940,81643
53012,32,1313,1345
53013,85,3288,3373
53014,231,6874,7105
53015,250,7919,8169
53016,372,11692,12064
53017,39,1109,1148
53018,418,14032,14450
53019,79,3562,3641
53020,20,927,947
53021,297,8459,8756
53022,59,2431,2490
53023,136,4132,4268
53024,118,3711,3829
53025,41,965,1006
53026,61,3057,3118
53027,42,1227,1269
53028,24,964,988
54001,981,27023,28004
54002,867,20512,21379
54003,171,4126,4297
54004,159,4674,4833
54005,78,2283,2361
54006,165,4091,4256
54007,91,2886,2977
54008,77,2995,3072
54009,542,14618,15160
54010,28,986,1014
54011,109,3310,3419
54012,251,7320,7571
54013,1369,37288,38657
54014,150,3250,3400
54015,932,20459,21391
54016,18,1101,1119
54017,361,9117,9478
54018,1973,53858,55831
54019,90,2560,2650
54020,60,1763,1823
54021,143,3613,3756
54022,147,5612,5759
54023,419,13989,14408
54024,977,29946,30923
54025,17,573,590
54026,537,14075,14612
54027,671,17530,18201
54028,139,3503,3642
54029,36,1419,1455
54030,203,5258,5461
54031,13,561,574
54032,38,1082,1120
54033,42,1561,1603
54034,174,5427,5601
54035,186,4431,4617
54036,28,922,950
54037,181,5240,5421
54038,197,5454,5651
54039,5888,158833,164721
54040,98,3321,3419
54041,49,1946,1995
54042,1,93,94
54043,26,674,700
54044,359,10616,10975
54045,15,511,526
54046,46,1269,1315
54047,17,446,463
54048,25,978,1003
54049,70,2249,2319
54050,269,8102,8371
54051,1161,35753,36914
54052,464,15413,15877
54053,239,6405,6644
54054,283,7847,8130
54055,117,3621,3738
54056,670,15697,16367
54057,102,3151,3253
54058,6,344,350
54059,35,1261,1296
55001,124,4332,4456
55002,54,1632,1686
55003,51,1352,1403
55004,376,11306,11682
55005,84,2474,2558
55006,73,1877,1950
55007,98,2559,2657
55008,31,1662,1693
55009,65,1972,2037
55010,78,2680,2758
55011,74,2574,2648
55012,71,1749,1820
55013,54,1529,1583
55014,47,1810,1857
55015,60,1689,1749
55016,38,1391,1429
55017,158,4663,4821
55018,41,1551,1592
55019,46,1210,1256
55020,20,1098,1118
55021,32,1344,1376
55022,511,17894,18405
55023,579,19352,19931
55024,63,1672,1735
55025,9,489,498
55026,32,1019,1051
55027,7,212,219
55028,49,1864,1913
55029,141,4695,4836
55030,49,2108,2157
55031,141,4544,4685
55032,3426,104556,107982
55033,79,2326,2405
56001,175,5171,5346
56002,29,801,830
56003,97,3404,3501
56004,27,977,1004
56005,127,4451,4578
56006,36,1215,1251
56007,100,2935,3035
56008,96,3661,3757
56009,69,1615,1684
56010,22,872,894
56011,95,2850,2945
56012,174,4948,5122
56013,43,1604,1647
56014,222,6135,6357
56015,203,5062,5265
56016,75,1857,1932
56017,74,2403,2477
56018,84,2196,2280
56019,34,1270,1304
56020,25,1051,1076
56021,471,14984,15455
56022,53,1447,1500
56023,140,3434,3574
56024,297,7797,8094
56025,59,1925,1984
56026,43,1342,1385
56027,85,2564,2649
56028,34,1242,1276
56029,70,2081,2151
56030,51,2399,2450
56031,63,2142,2205
56032,9,766,775
56033,29,861,890
56034,96,3187,3283
56035,289,8481,8770
56036,420,12585,13005
56037,81,1833,1914
56038,198,4531,4729
56039,294,8891,9185
56040,26,918,944
56041,117,3591,3708
56042,399,8682,9081
56043,45,1877,1922
56044,11,511,522
56045,251,8092,8343
56046,28,1185,1213
56047,45,1950,1995
56048,247,7745,7992
56049,207,6332,6539
56050,513,15640,16153
56051,7,289,296
56052,257,7911,8168
56053,84,2638,2722
56054,93,2352,2445
56055,160,3793,3953
56056,67,2090,2157
56057,493,12953,13446
56058,161,4164,4325
56059,2281,63832,66113
56060,225,5009,5234
57001,7,548,555
57002,62,2258,2320
57003,64,2307,2371
57004,8,205,213
57005,20,617,637
57006,19,570,589
57007,126,4134,4260
57008,20,914,934
57009,82,2399,2481
57010,47,1587,1634
57011,11,688,699
57012,35,1175,1210
57013,7,260,267
57014,21,973,994
57015,45,1164,1209
57016,209,6294,6503
57017,8,407,415
57018,8,387,395
57019,6,353,359
57020,0,135,135
57021,30,1477,1507
57022,9,456,465
57023,6,276,282
57024,11,572,583
57025,169,3603,3772
57026,25,506,531
57027,543,13195,13738
57028,22,1193,1215
57029,85,2939,3024
57030,33,694,727
57031,50,1442,1492
57032,13,362,375
57033,51,2090,2141
57034,11,542,553
57035,112,3415,3527
57036,0,76,76
57037,5,109,114
57038,12,482,494
57039,6,376,382
57040,21,851,872
57041,45,1139,1184
57042,10,268,278
57043,11,637,648
57044,131,3950,4081
57045,10,334,344
57046,3,188,191
57047,11,379,390
57048,0,155,155
57049,54,1871,1925
57050,25,1030,1055
57051,59,1927,1986
57052,56,1184,1240
57053,201,5951,6152
57054,93,2670,2763
57055,69,2444,2513
57056,15,507,522
57057,17,572,589
57058,5,310,315
57059,1429,44478,45907
57060,34,1104,1138
57061,19,533,552
57062,21,762,783
57063,13,501,514
57064,126,3012,3138
57065,42,1039,1081
57066,89,2122,2211
57067,38,1344,1382
57068,37,1020,1057
57069,37,1327,1364
57070,30,1166,1196
57071,2,226,228
57072,3,223,226
57073,7,170,177
58001,59,1380,1439
58002,75,1628,1703
58003,1431,38241,39672
58004,117,3714,3831
58005,736,18282,19018
58006,30,795,825
58007,2265,55573,57838
58008,33,1229,1262
58009,622,17685,18307
58010,24,1378,1402
58011,601,13063,13664
58012,84,2643,2727
58013,625,17935,18560
58014,5,398,403
58015,417,10573,10990
58016,141,3987,4128
58017,4,345,349
58018,510,10185,10695
58019,7,309,316
58020,147,3994,4141
58021,15,647,662
58022,316,8269,8585
58023,262,6871,7133
58024,281,8142,8423
58025,24,815,839
58026,453,10275,10728
58027,48,1032,1080
58028,17,425,442
58029,1372,36132,37504
58030,29,1230,1259
58031,8,576,584
58032,1808,50261,52069
58033,77,1916,1993
58034,649,20049,20698
58035,189,4035,4224
58036,739,14983,15722
58037,15,442,457
58038,536,12713,13249
58039,871,21753,22624
58040,256,6152,6408
58041,67,1853,1920
58042,193,5531,5724
58043,828,22393,23221
58044,34,1129,1163
58045,39,659,698
58046,690,19647,20337
58047,3653,84222,87875
58048,6,349,355
58049,269,6064,6333
58050,471,12380,12851
58051,30,850,880
58052,46,1377,1423
58053,18,903,921
58054,268,7387,7655
58055,28,764,792
58056,330,6765,7095
58057,2127,43194,45321
58058,106,2889,2995
58059,972,21640,22612
58060,488,11356,11844
58061,44,1170,1214
58062,86,1976,2062
58063,180,4927,5107
58064,313,8244,8557
58065,1697,39561,41258
58066,69,1923,1992
58067,88,2392,2480
58068,293,8131,8424
58069,39,1300,1339
58070,47,1825,1872
58071,65,1835,1900
58072,1747,46753,48500
58073,220,6235,6455
58074,908,21013,21921
58075,490,12345,12835
58076,2,215,217
58077,26,713,739
58078,94,2181,2275
58079,2707,61060,63767
58080,48,1069,1117
58081,439,9835,10274
58082,402,9603,10005
58083,17,716,733
58084,7,177,184
58085,10,345,355
58086,703,16296,16999
58087,7,244,251
58088,445,11533,11978
58089,27,924,951
58090,17,646,663
58091,103095,2667131,2770226
58092,31,1227,1258
58093,233,6998,7231
58094,24,827,851
58095,56,1398,1454
58096,102,2660,2762
58097,600,17916,18516
58098,168,4665,4833
58099,124,3380,3504
58100,93,3032,3125
58101,2,169,171
58102,318,8667,8985
58103,271,8244,8515
58104,2035,53115,55150
58105,168,4660,4828
58106,32,1015,1047
58107,184,5512,5696
58108,0,251,251
58109,4,286,290
58110,717,14945,15662
58111,2067,50245,52312
58112,139,3537,3676
58113,3,162,165
58114,780,17230,18010
58115,578,12613,13191
58116,1458,38702,40160
58117,1838,46829,48667
58118,1456,37219,38675
58119,746,14968,15714
58120,3461,76534,79995
58122,1514,30625,32139
59001,3317,70112,73429
59002,35,1404,1439
59003,19,568,587
59004,169,4003,4172
59005,1581,34900,36481
59006,381,10101,10482
59007,1721,37516,39237
59008,1306,36035,37341
59009,597,19158,19755
59010,361,9983,10344
59011,4873,122687,127560
59012,137,3938,4075
59013,116,2880,2996
59014,778,19193,19971
59015,264,5895,6159
59016,132,3576,3708
59017,686,14163,14849
59018,130,3171,3301
59019,560,13203,13763
59020,50,1117,1167
59021,163,4036,4199
59022,34,1054,1088
59023,40,1017,1057
59024,762,19176,19938
59025,381,9748,10129
59026,276,6537,6813
59027,509,9468,9977
59028,949,22627,23576
59029,344,7089,7433
59030,107,3009,3116
59031,92,2759,2851
59032,1564,42931,44495
59033,22,714,736
60001,10,270,280
60002,71,1812,1883
60003,1094,26674,27768
60004,76,2450,2526
60005,176,3926,4102
60006,771,20082,20853
60007,180,4812,4992
60008,186,5217,5403
60009,72,2150,2222
60010,237,6661,6898
60011,157,3982,4139
60012,89,2352,2441
60013,14,678,692
60014,360,8065,8425
60015,98,2590,2688
60016,55,1541,1596
60017,18,517,535
60018,75,2308,2383
60019,1355,34063,35418
60020,137,3119,3256
60021,32,843,875
60022,153,3688,3841
60023,145,4338,4483
60024,851,21759,22610
60025,254,8154,8408
60026,306,7488,7794
60027,79,1743,1822
60028,26,877,903
60029,20,630,650
60030,54,1477,1531
60031,147,3502,3649
60032,21,519,540
60033,722,19525,20247
60034,13,494,507
60035,310,9809,10119
60036,91,2666,2757
60037,54,1192,1246
60038,1581,42910,44491
60039,58,1944,2002
60040,48,1144,1192
60041,105,2253,2358
60042,51,1469,1520
60043,294,10651,10945
60044,493,11735,12228
60045,125,3047,3172
60046,301,7674,7975
60047,41,1224,1265
60048,108,2982,3090
60049,50,1395,1445
60050,34,1062,1096
60051,95,2588,2683
60052,334,6002,6336
60053,147,4239,4386
60054,124,2279,2403
60055,136,3815,3951
60056,465,12005,12470
60057,41,1036,1077
60058,187,4906,5093
60059,28,893,921
60060,243,6773,7016
60061,7,301,308
60062,58,1828,1886
60063,130,2875,3005
60064,107,3039,3146
60065,23,883,906
60066,35,1268,1303
60067,64,1770,1834
60068,182,5551,5733
60069,37,1188,1225
60070,94,2411,2505
60071,108,2874,2982
60072,19,692,711
60073,86,2325,2411
60074,897,24236,25133
60075,91,2225,2316
60076,168,4510,4678
60077,3,308,311
60078,45,1265,1310
60079,192,4580,4772
60080,37,1704,1741
60081,52,1567,1619
60082,77,2377,2454
60083,40,862,902
60084,33,1372,1405
60085,814,19054,19868
60086,28,715,743
60087,84,2026,2110
60088,43,1103,1146
60089,94,2453,2547
60090,66,1583,1649
60091,7,296,303
61001,25,1227,1252
61002,307,7030,7337
61003,166,4410,4576
61004,246,5019,5265
61005,2033,48607,50640
61006,60,1961,2021
61007,292,5666,5958
61008,67,1687,1754
61009,212,4998,5210
61010,214,5310,5524
61011,98,1877,1975
61012,288,5155,5443
61013,507,9526,10033
61014,66,1416,1482
61015,607,17050,17657
61016,367,6759,7126
61017,208,7110,7318
61018,426,12557,12983
61019,1045,20032,21077
61020,489,8953,9442
61021,375,7942,8317
61022,2406,70407,72813
61023,45,1433,1478
61024,26,1038,1064
61025,42,1361,1403
61026,115,3529,3644
61027,1555,25182,26737
61028,217,4601,4818
61029,493,8817,9310
61030,6,376,382
61031,37,1140,1177
61032,249,6517,6766
61033,81,1917,1998
61034,32,735,767
61035,59,1297,1356
61036,176,4459,4635
61037,477,8557,9034
61038,8,514,522
61039,59,1957,2016
61040,31,635,666
61041,103,3213,3316
61042,316,6469,6785
61043,781,11808,12589
61044,17,629,646
61045,32,1029,1061
61046,810,14769,15579
61047,414,9612,10026
61048,1652,35569,37221
61049,1656,37084,38740
61050,43,1989,2032
61051,95,2886,2981
61052,1371,27544,28915
61053,1654,25296,26950
61054,609,11266,11875
61055,119,2830,2949
61056,62,2098,2160
61057,331,10042,10373
61058,159,4319,4478
61059,104,2696,2800
61060,204,5581,5785
61061,55,1514,1569
61062,390,7360,7750
61063,54,1328,1382
61064,39,1430,1469
61065,75,1612,1687
61066,38,1156,1194
61067,383,7274,7657
61068,88,2144,2232
61069,88,2944,3032
61070,92,3138,3230
61071,29,812,841
61072,16,434,450
61073,79,1654,1733
61074,628,12568,13196
61075,765,16119,16884
61076,21,869,890
61077,836,13438,14274
61078,860,21300,22160
61079,18,869,887
61080,69,1849,1918
61081,534,11509,12043
61082,649,13425,14074
61083,1269,30699,31968
61084,103,2450,2553
61085,346,5371,5717
61086,63,2032,2095
61087,750,14119,14869
61088,664,19750,20414
61089,321,6861,7182
61090,458,8117,8575
61091,393,11125,11518
61092,760,13578,14338
61093,30,791,821
61094,1098,18783,19881
61095,251,6114,6365
61096,19,765,784
61097,111,2520,2631
61098,408,6809,7217
61099,610,11379,11989
61100,381,7187,7568
61101,131,3227,3358
61102,367,7618,7985
61103,266,6550,6816
61104,295,6175,6470
62001,354,7751,8105
62002,86,2559,2645
62003,226,5200,5426
62004,86,2416,2502
62005,111,1883,1994
62006,25,709,734
62007,59,2076,2135
62008,2030,55470,57500
62009,63,1286,1349
62010,98,1918,2016
62011,41,1542,1583
62012,77,2448,2525
62013,26,957,983
62014,68,1531,1599
62015,33,1209,1242
62016,31,814,845
62017,40,1325,1365
62018,40,1110,1150
62019,104,2441,2545
62020,21,1035,1056
62021,76,1855,1931
62022,99,3067,3166
62023,130,3524,3654
62024,56,2133,2189
62025,60,2153,2213
62026,154,3669,3823
62027,68,2559,2627
62028,74,2029,2103
62029,112,3264,3376
62030,131,3102,3233
62031,44,1313,1357
62032,61,1136,1197
62033,35,944,979
62034,52,1646,1698
62035,80,2022,2102
62036,10,413,423
62037,134,4522,4656
62038,176,3896,4072
62039,67,1672,1739
62040,183,3843,4026
62041,42,1442,1484
62042,27,1328,1355
62043,557,12541,13098
62044,148,4432,4580
62045,131,3557,3688
62046,88,2202,2290
62047,81,1943,2024
62048,95,1918,2013
62049,56,1466,1522
62050,66,1789,1855
62051,18,489,507
62052,95,2807,2902
62053,99,2367,2466
62054,50,1968,2018
62055,52,1245,1297
62056,26,1084,1110
62057,117,4340,4457
62058,405,9399,9804
62059,107,2738,2845
62060,97,2823,2920
62061,65,2064,2129
62062,64,1880,1944
62063,12,718,730
62064,94,2964,3058
62065,30,1133,1163
62066,34,833,867
62067,139,3438,3577
62068,146,3699,3845
62069,19,855,874
62070,399,10027,10426
62071,151,3997,4148
62072,27,615,642
62073,125,3411,3536
62074,323,7342,7665
62075,53,1382,1435
62076,141,3166,3307
62077,93,2686,2779
62078,11,482,493
63001,3115,55219,58334
63002,3232,58629,61861
63003,382,7258,7640
63004,269,6671,6940
63005,1464,31286,32750
63006,970,24466,25436
63007,384,9461,9845
63008,1279,25030,26309
63009,444,9366,9810
63010,763,14952,15715
63011,1861,34047,35908
63012,601,11603,12204
63013,203,4908,5111
63014,181,6756,6937
63015,129,2335,2464
63016,1080,20518,21598
63017,2245,45244,47489
63018,97,3015,3112
63019,298,7504,7802
63020,713,12684,13397
63021,877,17269,18146
63022,183,3540,3723
63023,3401,70714,74115
63024,2647,61047,63694
63025,421,7335,7756
63026,770,16306,17076
63027,479,11855,12334
63028,325,6645,6970
63029,55,1637,1692
63030,536,11169,11705
63031,750,16660,17410
63032,1120,27708,28828
63033,662,14799,15461
63034,6328,116036,122364
63035,1321,26972,28293
63036,732,16542,17274
63037,742,18860,19602
63038,165,4476,4641
63039,317,5738,6055
63040,54,1462,1516
63041,2610,55090,57700
63042,419,7319,7738
63043,1290,27892,29182
63044,627,13395,14022
63045,1863,34353,36216
63046,327,7503,7830
63047,479,11473,11952
63048,1758,32630,34388
63049,38462,883632,922094
63050,1526,32192,33718
63051,1021,21960,22981
63052,800,15818,16618
63053,477,12072,12549
63054,324,5512,5836
63055,1204,20751,21955
63056,627,12341,12968
63057,1768,37905,39673
63058,1065,23168,24233
63059,1948,50773,52721
63060,3017,74073,77090
63061,317,9866,10183
63062,1267,23537,24804
63063,2176,38643,40819
63064,2224,48393,50617
63065,250,6351,6601
63066,633,11550,12183
63067,1466,41764,43230
63068,1533,28614,30147
63069,129,3238,3367
63070,329,8409,8738
63071,338,8347,8685
63072,1145,25266,26411
63073,1673,30773,32446
63074,833,18414,19247
63075,343,6028,6371
63076,798,15151,15949
63077,280,5791,6071
63078,116,2907,3023
63079,1474,32407,33881
63080,558,15251,15809
63081,492,8168,8660
63082,820,16662,17482
63083,2029,38645,40674
63084,3574,78081,81655
63085,155,3246,3401
63086,865,19457,20322
63087,1689,29021,30710
63088,156,4070,4226
63089,1500,23405,24905
63090,618,11067,11685
63091,352,8291,8643
63092,219,4800,5019
64001,145,3811,3956
64002,142,3858,4000
64003,43,1657,1700
64004,33,1485,1518
64005,726,20696,21422
64006,332,10238,10570
64007,331,7222,7553
64008,1618,51201,52819
64009,103,2927,3030
64010,152,4365,4517
64011,123,3481,3604
64012,75,2163,2238
64013,5,276,281
64014,81,2080,2161
64015,112,4229,4341
64016,46,1054,1100
64017,127,3168,3295
64018,87,2155,2242
64019,44,1262,1306
64020,48,1578,1626
64021,35,885,920
64022,38,1028,1066
64023,44,1818,1862
64024,50,1482,1532
64025,377,8526,8903
64026,111,2491,2602
64027,12,445,457
64028,81,2047,2128
64029,132,2829,2961
64030,45,1220,1265
64031,67,1766,1833
64032,94,2532,2626
64033,87,2793,2880
64034,217,4945,5162
64035,107,3377,3484
64036,107,3196,3303
64037,19,591,610
64038,289,7433,7722
64039,61,1772,1833
64040,37,1496,1533
64041,63,2044,2107
64042,48,1404,1452
64043,127,3176,3303
64044,244,5765,6009
64045,38,1056,1094
64046,95,2959,3054
64047,81,1551,1632
64048,70,1737,1807
64049,381,11272,11653
64050,227,6629,6856
64051,2,355,357
64052,102,3304,3406
64053,93,3047,3140
64054,479,10824,11303
64055,60,2076,2136
64056,24,1208,1232
64057,285,7107,7392
64058,98,2569,2667
64059,173,4892,5065
64060,14,720,734
64063,32,1131,1163
64064,78,1495,1573
64065,188,4944,5132
64066,127,3819,3946
64067,73,2040,2113
64068,61,1638,1699
64069,19,615,634
64070,78,2088,2166
64071,13,275,288
64072,47,1927,1974
64073,55,1374,1429
64074,107,2675,2782
64075,144,3520,3664
64076,94,1739,1833
64077,92,1796,1888
64078,85,2214,2299
64079,31,773,804
64080,155,3294,3449
64081,13,715,728
64082,24,1070,1094
64083,189,4564,4753
64084,89,2347,2436
64085,28,733,761
64086,33,1446,1479
64087,55,1474,1529
64088,68,1338,1406
64089,21,1330,1351
64090,13,716,729
64091,19,690,709
64092,107,3839,3946
64093,46,1155,1201
64095,68,2003,2071
64096,31,1017,1048
64097,22,1065,1087
64098,15,747,762
64099,281,6508,6789
64100,128,2667,2795
64101,505,11619,12124
64102,20,534,554
64103,184,3466,3650
64104,108,2751,2859
64105,64,1427,1491
64106,66,1410,1476
64107,56,2137,2193
64108,33,1417,1450
64109,73,1900,1973
64110,35,1176,1211
64111,2,458,460
64112,24,856,880
64113,22,774,796
64114,92,2478,2570
64115,38,1208,1246
64116,77,2259,2336
64117,35,889,924
64118,38,1458,1496
64119,110,2952,3062
64120,17,986,1003
64121,926,18379,19305
65001,68,2465,2533
65002,774,20440,21214
65003,270,6017,6287
65004,37,940,977
65005,280,6627,6907
65006,157,4764,4921
65007,1632,32257,33889
65008,33,1325,1358
65009,201,5556,5757
65010,115,2277,2392
65011,31,777,808
65012,63,2102,2165
65013,748,16164,16912
65014,2021,47784,49805
65015,15,719,734
65016,262,5065,5327
65017,166,4531,4697
65018,96,2329,2425
65019,78,2499,2577
65020,43,1345,1388
65021,250,6609,6859
65022,846,15577,16423
65023,9,350,359
65024,30,960,990
65025,971,21305,22276
65026,32,1045,1077
65027,40,1254,1294
65028,221,5120,5341
65029,71,1784,1855
65030,30,1477,1507
65031,323,8301,8624
65032,128,2671,2799
65033,18,578,596
65034,646,12960,13606
65035,71,2192,2263
65036,59,1242,1301
65037,1841,49416,51257
65038,72,1702,1774
65039,161,4808,4969
65040,73,2169,2242
65041,63,1930,1993
65042,28,1146,1174
65043,142,3294,3436
65044,27,644,671
65045,27,778,805
65046,125,3119,3244
65047,96,2394,2490
65048,16,512,528
65049,19,536,555
65050,1657,36251,37908
65051,35,1128,1163
65052,572,13184,13756
65053,30,689,719
65054,46,1048,1094
65055,172,4759,4931
65056,477,11083,11560
65057,40,1108,1148
65058,59,1237,1296
65059,28,972,1000
65060,52,1130,1182
65061,27,1312,1339
65062,12,717,729
65063,71,1289,1360
65064,32,969,1001
65065,10,609,619
65066,183,5237,5420
65067,940,20800,21740
65068,75,2531,2606
65069,50,1766,1816
65070,56,1706,1762
65071,79,2454,2533
65072,591,10346,10937
65073,563,11716,12279
65074,29,509,538
65075,33,1405,1438
65076,250,6045,6295
65077,20,594,614
65078,1728,42649,44377
65079,1083,22834,23917
65080,132,2135,2267
65081,82,2185,2267
65082,311,6172,6483
65083,138,3517,3655
65084,88,1549,1637
65085,22,969,991
65086,29,617,646
65087,154,4818,4972
65088,1487,32987,34474
65089,171,3616,3787
65090,470,10489,10959
65091,60,1650,1710
65092,26,830,856
65093,15,641,656
65094,30,981,1011
65095,31,1152,1183
65096,60,2393,2453
65097,207,4970,5177
65098,65,2139,2204
65099,1122,24675,25797
65100,133,3649,3782
65101,84,1918,2002
65102,76,1918,1994
65103,44,1005,1049
65104,95,2308,2403
65105,32,1037,1069
65106,270,6640,6910
65107,45,1550,1595
65108,362,8369,8731
65109,50,1262,1312
65110,12,373,385
65111,15,642,657
65112,31,748,779
65113,14,437,451
65114,493,11407,11900
65115,73,1761,1834
65116,4246,124960,129206
65117,9,491,500
65118,309,6223,6532
65119,113,3523,3636
65120,124,3880,4004
65121,128,2509,2637
65122,547,9810,10357
65123,28,834,862
65124,15,533,548
65125,55,1608,1663
65126,67,1552,1619
65127,125,3016,3141
65128,11,520,531
65129,93,2620,2713
65130,412,8394,8806
65131,14,391,405
65132,591,10302,10893
65133,62,2306,2368
65134,203,6215,6418
65135,1462,29128,30590
65136,191,4450,4641
65137,2150,46462,48612
65138,61,1427,1488
65139,8,281,289
65140,162,3587,3749
65141,41,1169,1210
65142,298,9166,9464
65143,124,3013,3137
65144,23,667,690
65145,28,765,793
65146,225,6996,7221
65147,58,1747,1805
65148,37,1167,1204
65149,67,1920,1987
65150,10,470,480
65151,169,3853,4022
65152,59,1489,1548
65153,3,221,224
65154,262,7827,8089
65155,72,1463,1535
65156,115,3067,3182
65157,257,7049,7306
65158,587,12779,13366
66001,10,290,300
66002,53,1384,1437
66003,16,901,917
66004,7,311,318
66005,36,1056,1092
66006,1558,39725,41283
66007,114,3183,3297
66008,18,605,623
66009,61,1617,1678
66010,24,696,720
66011,1,207,208
66012,34,1024,1058
66013,34,1156,1190
66014,1,127,128
66015,24,756,780
66016,5,459,464
66017,19,917,936
66018,3,218,221
66019,16,842,858
66020,141,4748,4889
66021,27,602,629
66022,1,201,202
66023,10,545,555
66024,1,82,83
66025,179,4951,5130
66026,20,430,450
66027,8,290,298
66028,199,6334,6533
66029,34,1016,1050
66030,3,125,128
66031,15,835,850
66032,402,10029,10431
66033,80,1490,1570
66034,28,916,944
66035,5,280,285
66036,111,2957,3068
66037,7,210,217
66038,23,820,843
66039,32,1088,1120
66040,2,215,217
66041,32,952,984
66042,9,372,381
66043,9,284,293
66044,23,672,695
66045,14,230,244
66046,58,1680,1738
66047,18,507,525
66048,50,1931,1981
66049,2600,66749,69349
66050,48,1521,1569
66051,316,5731,6047
66052,20,853,873
66053,142,3388,3530
66054,39,1346,1385
66055,13,349,362
66056,72,2190,2262
66057,33,1295,1328
66058,12,506,518
66059,40,1085,1125
66060,11,443,454
66061,6,369,375
66062,51,1205,1256
66063,2,435,437
66064,68,1698,1766
66065,44,1127,1171
66066,29,1072,1101
66067,21,626,647
66068,61,2020,2081
66069,147,3704,3851
66070,28,1078,1106
66071,33,1310,1343
66072,170,4089,4259
66073,42,1013,1055
66074,9,432,441
66075,216,6971,7187
66076,23,897,920
66077,81,2577,2658
66078,11,662,673
66079,14,597,611
66080,18,830,848
66081,8,478,486
66082,36,1351,1387
66083,10,171,181
66084,48,1500,1548
66085,175,3586,3761
66086,2,95,97
66087,67,1813,1880
66088,34,637,671
66089,26,1085,1111
66090,15,347,362
66091,2,114,116
66092,39,2081,2120
66093,40,1677,1717
66094,19,523,542
66095,190,3612,3802
66096,89,2613,2702
66097,3,326,329
66098,664,21979,22643
66099,206,6237,6443
66100,6,269,275
66101,107,2758,2865
66102,241,5737,5978
66103,3,506,509
66104,1,91,92
66105,22,452,474
66106,31,823,854
66107,8,593,601
66108,33,803,836
67001,466,12165,12631
67002,60,1826,1886
67003,24,763,787
67004,323,9856,10179
67005,88,2257,2345
67006,264,6588,6852
67007,34,1673,1707
67008,217,6497,6714
67009,65,1703,1768
67010,25,438,463
67011,357,7069,7426
67012,27,963,990
67013,50,2032,2082
67014,42,1337,1379
67015,73,2247,2320
67016,44,1449,1493
67017,134,4515,4649
67018,88,2018,2106
67019,130,3519,3649
67020,69,2203,2272
67021,216,4929,5145
67022,9,587,596
67023,35,1111,1146
67024,4,257,261
67025,801,22663,23464
67026,144,4321,4465
67027,32,933,965
67028,279,7378,7657
67029,124,3459,3583
67030,367,8734,9101
67031,225,5071,5296
67032,228,6205,6433
67033,77,1591,1668
67034,2,225,227
67035,536,14046,14582
67036,12,471,483
67037,931,24498,25429
67038,419,9415,9834
67039,185,5000,5185
67040,613,14638,15251
67041,1750,50726,52476
67042,60,1463,1523
67043,95,2402,2497
67044,426,11384,11810
67045,48,1205,1253
67046,15,863,878
67047,651,15547,16198
68001,6,359,365
68002,153,3271,3424
68003,43,998,1041
68004,7,257,264
68005,55,2262,2317
68006,204,3752,3956
68007,45,1778,1823
68008,10,563,573
68009,26,722,748
68010,34,1208,1242
68011,477,10443,10920
68012,616,14183,14799
68013,37,1153,1190
68014,42,1608,1650
68015,279,5711,5990
68016,0,218,218
68017,38,1328,1366
68018,57,1587,1644
68019,36,1327,1363
68020,85,2682,2767
68021,241,6923,7164
68022,289,6495,6784
68023,23,891,914
68024,2228,51116,53344
68025,95,2993,3088
68026,61,1689,1750
68027,316,11154,11470
68028,4091,114675,118766
68029,11,471,482
68030,343,8151,8494
68031,46,1241,1287
68032,9,433,442
68033,119,4665,4784
68034,25,883,908
68035,186,3791,3977
68036,5,263,268
68037,7,251,258
68038,69,1791,1860
68039,120,3422,3542
68040,16,521,537
68041,789,18207,18996
68042,100,2359,2459
68043,109,2796,2905
68044,22,769,791
68045,11,370,381
68046,13,558,571
69001,159,2921,3080
69002,59,1971,2030
69003,24,1047,1071
69004,34,1050,1084
69005,430,10013,10443
69006,22,733,755
69007,2,311,313
69008,189,4813,5002
69009,3,72,75
69010,37,1233,1270
69011,15,521,536
69012,8,602,610
69013,36,1138,1174
69014,25,851,876
69015,179,5629,5808
69016,108,2896,3004
69017,169,5136,5305
69018,160,4108,4268
69019,3,324,327
69020,37,1538,1575
69021,18,801,819
69022,1520,47619,49139
69023,7,290,297
69024,22,775,797
69025,0,166,166
69026,14,426,440
69027,73,2575,2648
69028,197,4555,4752
69029,7,316,323
69030,91,1845,1936
69031,34,1278,1312
69032,14,870,884
69033,218,5997,6215
69034,1,279,280
69035,977,24700,25677
69036,30,878,908
69037,47,1587,1634
69038,18,833,851
69039,5,284,289
69040,29,1232,1261
69041,80,2465,2545
69042,24,1127,1151
69043,297,8318,8615
69044,21,396,417
69045,20,1082,1102
69046,1161,33249,34410
69047,19,632,651
69048,10,315,325
69049,23,645,668
69050,152,4488,4640
69051,20,857,877
69052,3,116,119
69053,2,78,80
69054,20,597,617
69055,85,2257,2342
69056,105,2307,2412
69057,103,3536,3639
69058,700,21587,22287
69059,152,4005,4157
69060,40,1228,1268
69061,13,823,836
69062,28,947,975
69063,2,217,219
69064,10,425,435
69065,52,1471,1523
69066,23,977,1000
69067,34,794,828
69068,68,2005,2073
69069,17,849,866
69070,8,726,734
69071,30,1200,1230
69072,168,3834,4002
69073,52,1521,1573
69074,80,2221,2301
69075,22,1060,1082
69076,25,1183,1208
69077,3,92,95
69078,1,201,202
69079,31,860,891
69080,2,147,149
69081,697,13477,14174
69082,19,846,865
69083,761,18684,19445
69084,89,1965,2054
69085,77,2231,2308
69086,177,5012,5189
69087,100,2922,3022
69088,9,693,702
69089,11,332,343
69090,145,3803,3948
69091,111,2860,2971
69092,50,1619,1669
69093,13,733,746
69094,196,3969,4165
69095,27,1162,1189
69096,89,1598,1687
69097,6,364,370
69098,54,1496,1550
69099,1457,39096,40553
69100,24,884,908
69101,57,2123,2180
69102,25,1122,1147
69103,4,127,131
69104,1,120,121
70001,13,582,595
70002,70,2440,2510
70003,279,7290,7569
70004,25,1211,1236
70005,45,1118,1163
70006,1575,45960,47535
70007,18,581,599
70008,77,2367,2444
70009,35,782,817
70010,296,7333,7629
70011,36,1877,1913
70012,16,485,501
70013,3,258,261
70014,10,450,460
70015,28,1251,1279
70016,20,863,883
70017,136,3441,3577
70018,22,605,627
70019,5,318,323
70020,22,731,753
70021,36,1677,1713
70022,7,388,395
70023,121,3060,3181
70024,23,1175,1198
70025,35,1262,1297
70026,19,740,759
70027,21,949,970
70028,21,705,726
70029,127,4830,4957
70030,60,1618,1678
70031,195,6257,6452
70032,16,695,711
70033,19,623,642
70034,16,424,440
70035,14,489,503
70036,38,1062,1100
70037,45,1018,1063
70038,76,1991,2067
70039,0,161,161
70040,11,466,477
70041,17,1001,1018
70042,33,1181,1214
70043,34,1392,1426
70044,5,320,325
70045,1,313,314
70046,206,5980,6186
70047,4,379,383
70048,12,528,540
70049,60,1597,1657
70050,43,1552,1595
70051,140,3374,3514
70052,26,1036,1062
70053,41,1215,1256
70054,7,209,216
70055,86,2245,2331
70056,0,105,105
70057,173,4789,4962
70058,7,458,465
70059,122,2895,3017
70060,14,639,653
70061,37,1096,1133
70062,17,618,635
70063,0,150,150
70064,7,564,571
70065,50,1325,1375
70066,11,526,537
70067,23,926,949
70068,38,954,992
70069,161,4440,4601
70070,18,793,811
70071,20,457,477
70072,125,3933,4058
70073,5,323,328
70074,35,1570,1605
70075,67,1724,1791
70076,37,1156,1193
70077,14,610,624
70078,1129,31431,32560
70079,17,703,720
70080,23,1248,1271
70081,163,4336,4499
70082,13,809,822
70083,78,2436,2514
70084,125,3135,3260
71001,93,2119,2212
71002,15,848,863
71003,38,1088,1126
71004,494,12187,12681
71005,237,5749,5986
71006,99,2535,2634
71007,89,2955,3044
71008,239,6472,6711
71009,70,2504,2574
71010,363,6340,6703
71011,23,822,845
71012,119,3748,3867
71013,32,1363,1395
71014,53,1648,1701
71015,77,1932,2009
71016,41,1177,1218
71017,38,1270,1308
71018,40,1386,1426
71019,2,150,152
71020,2516,54707,57223
71021,39,1518,1557
71022,149,3439,3588
71023,26,590,616
71024,5552,141915,147467
71025,166,4070,4236
71026,9,442,451
71027,229,5971,6200
71028,1195,30570,31765
71029,1979,52664,54643
71031,248,5768,6016
71032,30,956,986
71033,367,11287,11654
71034,14,654,668
71035,83,2467,2550
71036,699,16265,16964
71037,16,679,695
71038,154,4141,4295
71039,56,2498,2554
71040,99,2474,2573
71041,74,1831,1905
71042,56,1680,1736
71043,108,3293,3401
71044,35,975,1010
71046,990,25354,26344
71047,473,12428,12901
71048,26,884,910
71049,514,13618,14132
71050,208,5389,5597
71051,1930,48354,50284
71052,71,1761,1832
71053,140,3619,3759
71054,299,5413,5712
71055,276,4944,5220
71056,671,16019,16690
71058,241,6563,6804
71059,268,7082,7350
71060,551,12910,13461
71061,6,383,389
71062,55,1517,1572
71063,178,2731,2909
71064,146,3174,3320
72001,725,19459,20184
72002,597,15950,16547
72003,368,10005,10373
72004,3321,66590,69911
72006,10761,306444,317205
72008,97,2064,2161
72010,485,11282,11767
72011,2224,51233,53457
72012,523,10674,11197
72014,609,14748,15357
72015,823,18714,19537
72016,627,14178,14805
72017,708,18615,19323
72018,268,5498,5766
72019,991,24810,25801
72020,1875,45441,47316
72021,971,25992,26963
72022,713,18824,19537
72023,1841,41054,42895
72024,447,11851,12298
72025,535,13531,14066
72027,1431,35571,37002
72028,819,23859,24678
72029,2178,55713,57891
72030,1766,46241,48007
72031,605,17936,18541
72032,1118,24924,26042
72033,820,19954,20774
72034,41,1298,1339
72035,673,16980,17653
72036,874,25269,26143
72037,773,17601,18374
72038,993,23618,24611
72039,195,5923,6118
72040,415,9236,9651
72041,976,24851,25827
72043,1048,25197,26245
72044,312,7784,8096
72046,991,25330,26321
72047,527,12392,12919
72048,632,16828,17460
73001,196,6121,6317
73002,266,6411,6677
73003,540,15948,16488
73004,552,12719,13271
73005,133,3285,3418
73006,155,4911,5066
73007,825,21101,21926
73008,1097,29896,30993
73009,572,14372,14944
73010,323,7746,8069
73011,353,9273,9626
73012,992,29155,30147
73013,1601,45779,47380
73014,166,5072,5238
73015,1238,30930,32168
73016,181,5213,5394
73017,126,3495,3621
73018,79,2224,2303
73019,561,14984,15545
73020,290,7389,7679
73021,611,15165,15776
73022,447,10754,11201
73023,66,1735,1801
73024,532,13882,14414
73025,334,8616,8950
73026,565,14898,15463
73027,6520,184197,190717
73028,129,4046,4175
73029,444,12747,13191
74001,2944,80746,83690
74002,628,16133,16761
74003,561,18430,18991
74004,197,6030,6227
74005,340,10912,11252
74006,268,8008,8276
74007,1489,37401,38890
74008,1368,33956,35324
74009,442,13325,13767
74010,832,25132,25964
74011,509,14121,14630
74012,924,29352,30276
74013,193,6083,6276
74014,227,5943,6170
74015,304,9125,9429
74016,396,12718,13114
74017,582,17857,18439
74018,182,5023,5205
74019,361,9845,10206
74020,382,8677,9059
75002,194,5922,6116
75003,233,5347,5580
75004,231,6239,6470
75005,135,4497,4632
75006,326,8596,8922
75007,150,3809,3959
75008,70,1699,1769
75009,86,2584,2670
75010,203,6591,6794
75011,295,9615,9910
75012,40,1591,1631
75013,62,2275,2337
75014,385,11348,11733
75015,115,3562,3677
75016,700,18704,19404
75017,90,2689,2779
75018,114,3622,3736
75019,146,4987,5133
75020,515,12251,12766
75021,159,5566,5725
75022,829,22398,23227
75023,193,5485,5678
75024,201,5049,5250
75025,135,3766,3901
75026,304,8419,8723
75027,80,2787,2867
75028,141,4765,4906
75029,809,25135,25944
75030,588,14427,15015
75031,694,18985,19679
75032,27,1121,1148
75033,67,1862,1929
75034,153,5335,5488
75035,3260,91777,95037
75036,345,8363,8708
75037,517,13231,13748
75038,465,11424,11889
75039,403,13349,13752
75040,262,8431,8693
75041,71,1545,1616
75042,386,10651,11037
75043,315,9629,9944
75044,248,6524,6772
75045,64,2070,2134
75046,101,3228,3329
75047,103,3402,3505
75048,486,12966,13452
75049,92,2520,2612
75050,78,2993,3071
75051,152,4647,4799
75052,1086,29689,30775
75053,155,4831,4986
75054,62,2126,2188
75055,202,7453,7655
75056,63,2183,2246
75057,172,5535,5707
75058,34,1365,1399
75059,311,8383,8694
75060,56,1584,1640
75061,218,5627,5845
75063,362,10272,10634
75064,317,9094,9411
75065,246,7643,7889
75066,140,4343,4483
75067,54,1389,1443
75068,275,7605,7880
75069,161,5337,5498
75070,181,5506,5687
75071,141,3302,3443
75072,84,2793,2877
75073,234,6455,6689
75074,58,1767,1825
75075,142,3781,3923
75076,174,5080,5254
75077,169,4391,4560
75078,105,3386,3491
75079,408,13069,13477
75080,67,2104,2171
75081,147,4015,4162
75082,47,1522,1569
75083,605,14120,14725
75084,458,10870,11328
75085,414,11117,11531
75086,116,2662,2778
75087,451,13649,14100
75088,570,16559,17129
75089,187,4904,5091
75090,412,11594,12006
75091,173,4181,4354
75092,461,12997,13458
75093,208,6576,6784
75094,50,1834,1884
75095,77,1889,1966
75096,39,2292,2331
75097,259,5973,6232
75098,314,9122,9436
76001,32,1297,1329
76002,61,2143,2204
76003,51,1318,1369
76004,43,1530,1573
76005,11,566,577
76006,121,3623,3744
76007,326,10470,10796
76008,75,1676,1751
76009,27,1203,1230
76010,107,2429,2536
76011,81,2583,2664
76012,173,4623,4796
76013,127,3746,3873
76014,16,824,840
76015,75,1700,1775
76016,6,355,361
76017,26,720,746
76018,26,1140,1166
76019,3,547,550
76020,4,222,226
76021,15,826,841
76022,66,1889,1955
76023,27,712,739
76024,21,723,744
76025,28,1215,1243
76026,16,927,943
76027,10,561,571
76028,58,1720,1778
76029,80,2271,2351
76030,38,1238,1276
76031,15,544,559
76032,94,2706,2800
76033,70,1831,1901
76034,159,3828,3987
76035,26,798,824
76036,170,5207,5377
76037,58,1540,1598
76038,4,520,524
76039,163,5029,5192
76040,120,4053,4173
76041,49,1593,1642
76042,365,11801,12166
76043,506,12633,13139
76044,129,4708,4837
76045,132,3778,3910
76046,242,5294,5536
76047,39,1472,1511
76048,797,16399,17196
76049,15,518,533
76050,106,3557,3663
76051,29,1409,1438
76052,37,1107,1144
76053,156,4843,4999
76054,42,1360,1402
76055,20,753,773
76056,121,3506,3627
76057,123,4417,4540
76058,46,1681,1727
76059,205,5482,5687
76060,144,3786,3930
76061,24,921,945
76062,288,6542,6830
76063,2141,63279,65420
76064,185,3961,4146
76065,21,887,908
76066,443,12209,12652
76067,38,1556,1594
76068,78,2513,2591
76069,28,1317,1345
76070,97,3185,3282
76071,139,3244,3383
76072,28,965,993
76073,32,1193,1225
76074,19,936,955
76075,10,614,624
76076,58,2596,2654
76077,13,672,685
76078,36,1383,1419
76079,53,1278,1331
76080,229,5833,6062
76081,54,1351,1405
76082,26,740,766
76083,89,2165,2254
76084,26,992,1018
76085,239,6417,6656
76086,37,1325,1362
76087,16,535,551
76088,20,1045,1065
76089,351,6811,7162
76090,85,2962,3047
76091,86,2860,2946
76092,51,2108,2159
76093,20,583,603
76094,55,1848,1903
76095,320,10773,11093
76096,93,2601,2694
76097,59,2731,2790
76098,186,3083,3269
76099,24,697,721
76100,107,2993,3100
77001,59,1620,1679
77002,20,871,891
77003,427,11623,12050
77004,20,658,678
77005,6,291,297
77006,20,1066,1086
77007,16,635,651
77008,238,7899,8137
77009,27,974,1001
77010,22,866,888
77011,148,4717,4865
77012,74,2014,2088
77013,134,4325,4459
77014,2183,57611,59794
77015,85,2310,2395
77016,269,6605,6874
77017,371,8853,9224
77018,291,6372,6663
77019,9,365,374
77020,577,16312,16889
77021,790,16972,17762
77022,135,3749,3884
77023,80,2409,2489
77024,76,2519,2595
77025,30,1061,1091
77026,36,1274,1310
77027,71,3697,3768
77028,134,4756,4890
77029,159,4690,4849
77030,39,1345,1384
77031,365,7270,7635
78001,29,969,998
78002,63,1692,1755
78003,627,18753,19380
78004,48,1420,1468
78005,23,748,771
78006,33,1170,1203
78007,9,366,375
78008,24,647,671
78009,153,3963,4116
78010,546,13224,13770
78011,103,2650,2753
78012,70,2391,2461
78013,66,1706,1772
78014,31,869,900
78015,300,8745,9045
78016,32,1186,1218
78017,411,9182,9593
78018,28,1089,1117
78019,69,2542,2611
78020,66,2006,2072
78021,38,1272,1310
78022,44,1108,1152
78023,43,1503,1546
78024,13,648,661
78025,330,7166,7496
78026,104,3034,3138
78027,2,212,214
78029,691,15954,16645
78030,120,2536,2656
78031,351,9047,9398
78032,3,243,246
78033,807,20281,21088
78034,86,2459,2545
78035,16,469,485
78036,110,2108,2218
78037,99,2863,2962
78038,25,768,793
78039,44,1183,1227
78040,341,9137,9478
78041,24,835,859
78042,40,1147,1187
78043,35,1128,1163
78045,2424,61646,64070
78046,41,968,1009
78047,439,9182,9621
78048,157,4892,5049
78049,128,4068,4196
78050,38,891,929
78051,106,3366,3472
78052,57,1359,1416
78053,55,1061,1116
78054,56,1832,1888
78055,103,2666,2769
78056,111,2703,2814
78057,65,1867,1932
78058,323,7582,7905
78059,48,1488,1536
78060,91,2108,2199
78061,63,1665,1728
78062,67,2251,2318
78063,60,1709,1769
78064,34,753,787
78065,22,871,893
78066,175,3624,3799
78067,75,2184,2259
78068,78,2696,2774
78069,64,2200,2264
78070,314,8440,8754
78071,38,1118,1156
78072,23,725,748
78073,51,1642,1693
78074,98,2400,2498
78075,95,1806,1901
78076,163,3193,3356
78077,127,2932,3059
78078,32,933,965
78079,399,8868,9267
78080,49,1440,1489
78081,1263,18748,20011
78082,32,1607,1639
78083,111,3910,4021
78084,65,2619,2684
78085,33,1078,1111
78086,8,335,343
78087,42,1879,1921
78088,26,1127,1153
78089,47,924,971
78090,8,310,318
78091,554,14374,14928
78092,9,643,652
78093,72,1975,2047
78094,51,1271,1322
78096,17,746,763
78097,55,1327,1382
78098,33,1151,1184
78099,35,984,1019
78100,13,665,678
78101,191,6232,6423
78102,1519,34206,35725
78103,133,3120,3253
78104,273,6540,6813
78105,166,5259,5425
78106,188,4000,4188
78107,59,1811,1870
78109,28,955,983
78110,111,2942,3053
78111,24,930,954
78112,45,1359,1404
78113,19,562,581
78114,90,3040,3130
78115,22,1120,1142
78116,89,2414,2503
78117,32,1204,1236
78118,47,1279,1326
78119,566,15656,16222
78120,7,554,561
78121,149,2982,3131
78122,245,5694,5939
78123,260,6803,7063
78124,20,951,971
78125,75,1842,1917
78126,12,488,500
78127,128,3333,3461
78128,67,1857,1924
78129,46,1125,1171
78130,35,1118,1153
78131,56,1668,1724
78132,172,4693,4865
78133,66,2185,2251
78134,84,1592,1676
78135,75,1948,2023
78136,111,3369,3480
78137,22,844,866
78138,443,10574,11017
78139,26,1087,1113
78140,21,479,500
78142,281,6397,6678
78143,129,4163,4292
78145,77,1806,1883
78146,173,4500,4673
78147,10,627,637
78148,193,4180,4373
78149,217,5651,5868
78150,318,8329,8647
78152,34,1013,1047
78153,81,2561,2642
78154,212,5207,5419
78155,139,2482,2621
78156,371,9241,9612
78157,3401,70728,74129
79002,21,831,852
79003,61,1617,1678
79004,33,751,784
79005,11,663,674
79007,11,464,475
79008,100,2727,2827
79009,41,1186,1227
79011,300,6975,7275
79012,231,4764,4995
79017,63,1669,1732
79018,48,1780,1828
79020,38,1368,1406
79023,3274,82909,86183
79024,22,491,513
79025,12,348,360
79027,38,1092,1130
79029,194,5009,5203
79030,31,871,902
79033,43,1257,1300
79034,48,1854,1902
79036,216,4433,4649
79039,268,6281,6549
79042,221,5185,5406
79043,110,2805,2915
79047,169,3579,3748
79048,108,1874,1982
79052,25,546,571
79055,18,418,436
79056,48,1858,1906
79058,84,2973,3057
79059,226,5363,5589
79060,271,4700,4971
79061,158,4047,4205
79063,77,1410,1487
79065,15,555,570
79068,49,1088,1137
79069,197,4212,4409
79071,19,384,403
79072,104,2088,2192
79073,28,822,850
79074,14,979,993
79077,36,695,731
79080,57,1675,1732
79081,229,5271,5500
79083,20,780,800
79087,201,4540,4741
79088,12,485,497
79089,47,1034,1081
79092,75,1866,1941
79094,21,984,1005
79095,94,2354,2448
79096,110,2423,2533
79099,54,1869,1923
79108,36,678,714
79110,57,1394,1451
79114,169,3651,3820
79115,60,1504,1564
79116,84,1333,1417
79117,58,1913,1971
79118,60,1698,1758
79122,55,1582,1637
79123,108,3210,3318
79126,22,483,505
79127,362,7181,7543
79129,129,2833,2962
79130,169,4149,4318
79131,164,3000,3164
79133,214,4459,4673
79134,31,761,792
79137,250,8462,8712
79138,112,2785,2897
79139,68,1396,1464
79142,135,3405,3540
79143,65,2238,2303
79146,67,2455,2522
79147,134,3516,3650
79148,41,926,967
79151,49,1478,1527
79157,44,1434,1478
79160,2889,64680,67569
80001,180,2611,2791
80002,13,475,488
80003,74,1985,2059
80004,49,1151,1200
80005,231,4591,4822
80006,46,910,956
80007,425,9109,9534
80008,130,2339,2469
80009,215,3943,4158
80010,43,1173,1216
80011,15,387,402
80012,509,8180,8689
80013,152,4004,4156
80014,133,3181,3314
80015,47,1007,1054
80016,14,785,799
80017,45,733,778
80018,187,4286,4473
80019,21,397,418
80020,24,676,700
80021,9,460,469
80022,32,1340,1372
80023,100,2045,2145
80024,25,701,726
80025,269,6480,6749
80026,23,511,534
80027,303,5941,6244
80028,452,9403,9855
80029,176,4536,4712
80030,36,786,822
80031,155,2986,3141
80032,42,1475,1517
80033,38,733,771
80034,31,840,871
80035,44,1455,1499
80036,101,2325,2426
80037,67,1535,1602
80038,965,18168,19133
80039,305,6494,6799
80040,121,2755,2876
80041,18,360,378
80042,185,4531,4716
80043,497,11428,11925
80044,107,2430,2537
80045,276,6006,6282
80046,39,1338,1377
80047,20,500,520
80048,23,818,841
80049,245,4606,4851
80050,392,10258,10650
80051,61,2218,2279
80052,120,3287,3407
80053,245,5491,5736
80054,190,5509,5699
80055,180,4717,4897
80056,60,2037,2097
80057,791,17051,17842
80058,19,485,504
80059,26,1018,1044
80060,312,3424,3736
80061,440,9548,9988
80062,45,1041,1086
80063,6761,166265,173026
80064,89,1767,1856
80065,352,7271,7623
80066,4,383,387
80067,213,5996,6209
80068,45,907,952
80069,744,13817,14561
80070,23,719,742
80071,136,2829,2965
80072,10,410,420
80073,71,2260,2331
80074,214,3285,3499
80075,26,1004,1030
80076,25,486,511
80077,50,1513,1563
80078,19,776,795
80079,25,557,582
80080,13,319,332
80081,180,3612,3792
80082,65,1280,1345
80083,39,1124,1163
80084,35,831,866
80085,159,4470,4629
80086,89,2421,2510
80087,25,776,801
80088,786,16707,17493
80089,85,1812,1897
80090,4,197,201
80091,51,1170,1221
80092,94,2329,2423
80093,638,14246,14884
80094,18,458,476
80095,84,1934,2018
80096,482,12449,12931
80097,170,4456,4626
81001,1831,42910,44741
81002,108,2691,2799
81003,223,6053,6276
81004,466,10945,11411
81005,535,13994,14529
81006,1060,28795,29855
81007,211,5096,5307
81008,953,25537,26490
81009,152,4118,4270
81010,137,3699,3836
81011,3199,77462,80661
81012,2251,48083,50334
81013,379,10524,10903
81014,274,7092,7366
81015,316,9705,10021
81016,44,1350,1394
81017,48,1548,1596
81018,334,9780,10114
81019,170,4672,4842
81020,163,4609,4772
81021,2436,62942,65378
81022,397,11190,11587
81023,49,1770,1819
81024,377,7599,7976
82001,109,3270,3379
82002,64,1744,1808
82003,28,1079,1107
82004,431,7876,8307
82005,447,9402,9849
82006,2514,50511,53025
82007,220,5940,6160
82008,76,1766,1842
82009,604,10301,10905
82010,143,4060,4203
82011,191,3851,4042
82012,32,1218,1250
82013,362,6707,7069
82014,278,7549,7827
82015,91,3572,3663
82016,22,451,473
82017,268,7243,7511
82018,38,1143,1181
82019,122,2907,3029
82020,591,10692,11283
82021,2189,36216,38405
82022,238,8018,8256
82023,598,10988,11586
82024,78,3023,3101
82025,90,2790,2880
82026,38,957,995
82027,429,13448,13877
82028,207,4772,4979
82029,86,2525,2611
82030,152,3333,3485
82031,518,11309,11827
82032,136,3636,3772
82033,55,1481,1536
82034,414,10166,10580
82035,763,12005,12768
82036,175,6110,6285
82037,45,1723,1768
82038,117,2150,2267
82039,44,1686,1730
82040,41,1046,1087
82041,25,862,887
82042,15,1353,1368
82043,323,6703,7026
82044,143,3513,3656
82045,237,6103,6340
82046,264,6023,6287
82047,104,2609,2713
82048,1482,27107,28589
82049,1873,36353,38226
82050,221,5623,5844
82051,79,2950,3029
82052,51,1812,1863
82053,27484,610401,637885
82054,1342,29279,30621
82055,83,2963,3046
82056,59,2446,2505
82057,180,5478,5658
82058,72,2944,3016
82059,96,2731,2827
82060,97,4245,4342
82061,46,1342,1388
82062,70,2228,2298
82063,194,4856,5050
82064,364,7844,8208
82065,40,1375,1415
82066,27,961,988
82067,456,10423,10879
82068,114,2437,2551
82069,6,382,388
82070,1024,24149,25173
82071,612,11871,12483
82072,193,3980,4173
82073,430,9849,10279
82074,118,2869,2987
82075,43,1228,1271
82076,116,3171,3287
82077,57,1768,1825
82078,77,2407,2484
82079,1161,18407,19568
82080,133,3009,3142
82081,20,607,627
82082,21,898,919
83001,39,1724,1763
83002,29,673,702
83003,85,2293,2378
83004,29,815,844
83005,1733,38212,39945
83006,14,549,563
83007,231,5511,5742
83008,106,2812,2918
83009,471,12563,13034
83010,175,4118,4293
83011,112,2985,3097
83012,27,722,749
83013,41,1165,1206
83014,94,2778,2872
83015,41,1029,1070
83016,73,2182,2255
83017,74,2138,2212
83018,18,449,467
83019,104,2599,2703
83020,38,1293,1331
83021,68,1226,1294
83022,9,438,447
83023,17,991,1008
83024,32,851,883
83025,134,3502,3636
83026,13,588,601
83027,109,3096,3205
83028,154,3599,3753
83029,140,2899,3039
83030,74,2287,2361
83031,9,339,348
83032,301,8705,9006
83033,243,6514,6757
83034,60,1365,1425
83035,63,1552,1615
83036,59,1413,1472
83037,28,661,689
83038,98,2659,2757
83039,58,1528,1586
83040,23,712,735
83041,486,11780,12266
83042,41,1307,1348
83043,48,935,983
83044,18,631,649
83045,17,540,557
83046,57,1348,1405
83047,117,2213,2330
83048,8261,214068,222329
83049,1007,29414,30421
83050,39,1158,1197
83051,24,889,913
83052,142,4292,4434
83053,13,651,664
83054,75,2489,2564
83055,12,538,550
83056,37,1389,1426
83057,52,1949,2001
83058,29,775,804
83059,9,661,670
83060,100,3423,3523
83061,121,3397,3518
83062,39,1151,1190
83063,67,1969,2036
83064,256,5800,6056
83065,43,1054,1097
83066,475,12313,12788
83067,42,1198,1240
83068,147,3651,3798
83069,11,888,899
83070,16,717,733
83071,6,176,182
83072,132,3821,3953
83073,33,974,1007
83074,12,571,583
83075,64,1893,1957
83076,203,6217,6420
83077,283,6481,6764
83078,112,3238,3350
83079,60,1770,1830
83080,73,2510,2583
83081,72,2579,2651
83082,41,1137,1178
83083,23,848,871
83084,380,11609,11989
83085,57,1431,1488
83086,177,4276,4453
83087,19,831,850
83088,94,2732,2826
83089,326,8945,9271
83090,43,1217,1260
83091,180,4236,4416
83092,113,3594,3707
83093,62,1598,1660
83094,60,1855,1915
83095,83,2432,2515
83096,183,4518,4701
83097,348,10144,10492
83098,275,6964,7239
83099,220,5688,5908
83100,26,743,769
83101,58,2605,2663
83102,25,915,940
83103,42,1234,1276
83104,141,3755,3896
83105,289,7907,8196
83106,338,6827,7165
83107,228,5238,5466
83108,193,4247,4440
84001,1983,53889,55872
84002,76,2491,2567
84003,275,8617,8892
84004,68,3230,3298
84005,95,2437,2532
84006,38,1165,1203
84007,99,3211,3310
84008,56,1854,1910
84009,210,5720,5930
84010,363,8897,9260
84011,1589,32857,34446
84012,195,7278,7473
84013,119,2527,2646
84014,120,3244,3364
84015,104,3073,3177
84016,36,851,887
84017,1298,30523,31821
84018,212,5091,5303
84019,45,1057,1102
84020,279,6058,6337
84021,1423,33248,34671
84022,92,1638,1730
84023,430,11382,11812
84024,100,2285,2385
84025,101,2633,2734
84026,244,6866,7110
84027,1016,20421,21437
84028,647,14975,15622
84029,268,7335,7603
84030,503,11757,12260
84031,448,10126,10574
84032,165,4214,4379
84033,665,17393,18058
84034,177,5308,5485
84035,98,2848,2946
84036,280,7310,7590
84037,68,2098,2166
84038,208,5896,6104
84039,28,1156,1184
84040,109,4107,4216
84041,1505,37745,39250
84042,156,4021,4177
84043,57,1301,1358
85001,27,864,891
85002,16,506,522
85003,133,4101,4234
85004,2168,57696,59864
85005,67,2691,2758
85006,146,3812,3958
85007,3008,69483,72491
85008,40,1629,1669
85009,389,10792,11181
85010,73,2704,2777
85011,51,1367,1418
85012,312,9747,10059
85013,1155,24025,25180
85014,55,1754,1809
85015,474,10223,10697
85016,815,20440,21255
85017,164,4683,4847
85018,190,5489,5679
85019,237,6250,6487
85020,30,1204,1234
85021,101,3097,3198
85022,46,1434,1480
86001,318,7438,7756
86002,125,4264,4389
86003,171,4721,4892
86004,465,11598,12063
86005,149,4020,4169
86006,178,4341,4519
86007,183,4989,5172
86008,51,1808,1859
86009,860,25177,26037
86010,107,3261,3368
86011,479,12104,12583
86012,408,12539,12947
86013,115,2734,2849
86014,754,19995,20749
86015,255,6204,6459
86016,249,6581,6830
86017,8,683,691
86018,278,8421,8699
86019,262,6901,7163
86020,159,4337,4496
87001,144,3351,3495
87002,663,17324,17987
87003,1302,26858,28160
87004,1975,48652,50627
87005,874,16993,17867
87006,1754,32172,33926
87007,1446,26100,27546
87008,1191,21796,22987
87009,729,17598,18327
87010,204,4929,5133
87011,1362,34879,36241
87012,329,4820,5149
87013,188,4164,4352
87014,127,2842,2969
87015,13357,286999,300356
87016,359,8727,9086
87017,1080,25405,26485
87018,559,12002,12561
87019,984,24047,25031
87020,91,2703,2794
87021,181,4917,5098
87022,137,3476,3613
87023,666,13426,14092
87024,1478,30150,31628
87025,262,6530,6792
87026,30,1008,1038
87027,160,4831,4991
87028,170,4112,4282
87029,2690,46253,48943
87030,645,11342,11987
87031,323,7206,7529
87032,852,14953,15805
87033,2158,43463,45621
87034,701,14013,14714
87035,143,3784,3927
87036,117,2758,2875
87037,519,9858,10377
87038,379,9945,10324
87039,549,13420,13969
87040,104,2327,2431
87041,1053,22283,23336
87042,445,11019,11464
87043,100,2865,2965
87044,458,7665,8123
87045,320,8998,9318
87046,71,1451,1522
87047,377,7018,7395
87048,344,7959,8303
87049,610,15686,16296
87050,529,10544,11073
87051,765,19127,19892
87052,340,7435,7775
87053,376,8339,8715
87054,228,5544,5772
87055,414,8868,9282
87056,193,3728,3921
87057,193,3546,3739
87058,201,3882,4083
88001,584,10036,10620
88002,303,7623,7926
88003,1399,28579,29978
88004,85,2745,2830
88005,663,15464,16127
88006,2248,51122,53370
88007,84,2745,2829
88008,892,18048,18940
88009,2734,69845,72579
88010,511,10327,10838
88011,1215,25607,26822
88012,3090,58961,62051
89001,1271,33586,34857
89002,1257,29246,30503
89003,31,1747,1778
89004,26,952,978
89005,247,6392,6639
89006,654,16498,17152
89007,15,714,729
89008,79,2270,2349
89009,940,20621,21561
89010,559,11349,11908
89011,800,21306,22106
89012,586,12671,13257
89013,1031,22607,23638
89014,1020,20501,21521
89015,231,8016,8247
89016,947,19697,20644
89017,4412,112641,117053
89018,353,7203,7556
89019,288,8049,8337
89020,151,3639,3790
89021,500,10968,11468
90001,29,1380,1409
90002,67,1720,1787
90003,1149,41176,42325
90004,14,578,592
90005,26,731,757
90006,468,12869,13337
90007,12,527,539
90008,57,1679,1736
90009,81,2555,2636
90010,8,390,398
90011,33,919,952
90012,142,3227,3369
90013,93,3140,3233
90014,20,717,737
90015,2,260,262
90016,21,639,660
90017,163,3503,3666
90018,15,839,854
90019,9,466,475
90020,23,836,859
90021,114,3740,3854
90022,21,584,605
90023,142,5545,5687
90024,9,399,408
90025,36,1493,1529
90026,38,1238,1276
90027,17,759,776
90028,8,368,376
90029,44,1422,1466
90030,9,491,500
90031,14,762,776
90032,17,465,482
90033,258,7930,8188
90034,19,853,872
90035,281,10441,10722
90036,56,1765,1821
90037,89,2377,2466
90038,9,523,532
90039,12,468,480
90040,4,103,107
90041,72,2264,2336
90042,60,1717,1777
90043,37,794,831
90044,11,757,768
90045,36,1255,1291
90046,113,2549,2662
90047,2383,57565,59948
90048,143,3982,4125
90049,73,3001,3074
90050,82,2797,2879
90051,158,5371,5529
90052,298,9725,10023
90053,19,606,625
90054,143,3934,4077
90055,100,2828,2928
90056,90,2171,2261
90057,154,4229,4383
90058,670,20707,21377
90059,73,2369,2442
90060,16,691,707
90061,6,498,504
90062,30,1149,1179
90063,142,4809,4951
90064,3703,118803,122506
90065,38,1234,1272
90066,0,129,129
90067,220,6781,7001
90068,31,787,818
90069,428,13911,14339
90070,366,13077,13443
90071,87,2739,2826
90072,86,2257,2343
90073,32,882,914
90074,56,2160,2216
90075,45,1424,1469
90076,107,2757,2864
90077,146,4108,4254
90078,56,2121,2177
90079,124,4092,4216
90080,92,2132,2224
90081,56,1763,1819
90082,41,1582,1623
90083,70,2336,2406
90084,136,3415,3551
90085,58,1390,1448
90086,19,583,602
90087,33,1263,1296
90088,16,691,707
90089,39,1504,1543
90090,67,1957,2024
90091,169,5052,5221
90092,137,4786,4923
91001,32,1183,1215
91002,80,2205,2285
91003,23,1013,1036
91004,22,746,768
91005,121,3727,3848
91006,123,3346,3469
91007,16,563,579
91008,12,496,508
91009,90,2571,2661
91010,59,2397,2456
91011,65,1924,1989
91012,20,1231,1251
91016,48,2118,2166
91017,307,7981,8288
91018,15,575,590
91019,24,533,557
91024,149,3603,3752
91025,14,711,725
91026,44,1273,1317
91027,94,2286,2380
91028,79,2448,2527
91031,62,1216,1278
91032,62,1952,2014
91033,76,2163,2239
91035,129,2940,3069
91037,157,4997,5154
91038,4,470,474
91039,62,1203,1265
91040,17,487,504
91041,19,1619,1638
91042,60,2040,2100
91043,36,1241,1277
91044,238,9329,9567
91046,88,2325,2413
91047,34,1590,1624
91050,7,287,294
91051,976,33684,34660
91055,182,6540,6722
91056,26,1176,1202
91057,23,769,792
91058,10,365,375
91059,19,690,709
91060,42,856,898
91061,92,2650,2742
91062,133,3858,3991
91063,249,6549,6798
91064,55,1861,1916
91066,23,1043,1066
91067,57,2128,2185
91068,8,215,223
91069,14,726,740
91070,70,2154,2224
91071,69,1469,1538
91072,32,1725,1757
91073,99,2907,3006
91077,38,1558,1596
91083,59,1963,2022
91084,49,1577,1626
91085,433,10703,11136
91086,38,1514,1552
91088,43,928,971
91089,161,3678,3839
91090,18,599,617
91091,4,453,457
91093,40,1811,1851
91094,90,2622,2712
91095,368,10601,10969
91097,32,1023,1055
91098,58,1335,1393
91099,32,1122,1154
91100,7,485,492
91101,83,2914,2997
91103,87,1861,1948
91104,11,298,309
92003,899,25392,26291
92009,3782,145790,149572
92011,722,22367,23089
92015,274,7948,8222
92037,307,7581,7888
92050,195,6869,7064
92051,1977,66663,68640
92066,140,4957,5097
92068,830,27825,28655
92074,750,20022,20772
92075,277,6499,6776
92080,623,16678,17301
92090,350,8235,8585
92099,81,2067,2148
92105,391,12473,12864
92108,297,9052,9349
92109,491,18684,19175
93001,4,258,262
93002,62,1234,1296
93004,270,8584,8854
93005,637,15065,15702
93006,5,229,234
93007,357,8901,9258
93008,86,2419,2505
93009,196,6165,6361
93010,333,7924,8257
93011,17,809,826
93012,49,1431,1480
93013,208,4918,5126
93014,9,343,352
93015,16,861,877
93016,7,377,384
93017,559,17508,18067
93018,79,2605,2684
93019,13,359,372
93020,50,1440,1490
93021,514,11272,11786
93022,614,12083,12697
93024,10,561,571
93025,488,11134,11622
93026,38,1501,1539
93027,142,4181,4323
93028,84,2598,2682
93029,333,7425,7758
93030,52,1432,1484
93031,88,3052,3140
93032,461,14606,15067
93033,1829,49574,51403
93034,366,8117,8483
93035,169,3232,3401
93036,195,5747,5942
93037,777,19281,20058
93038,152,4565,4717
93039,35,1391,1426
93040,139,4081,4220
93041,576,14501,15077
93042,78,2104,2182
93043,245,6101,6346
93044,451,11491,11942
93045,3,283,286
93046,6,340,346
93047,63,1717,1780
93049,18,699,717
93050,59,1245,1304
93051,323,8051,8374
93052,64,1620,1684
93053,125,3765,3890
94001,10,385,395
94002,158,4638,4796
94003,27,638,665
94004,15,660,675
94005,27,706,733
94006,13,808,821
94007,37,1242,1279
94008,28,1016,1044
94009,13,301,314
94010,52,1525,1577
94011,2,151,153
94012,13,461,474
94013,1,100,101
94014,22,1148,1170
94015,5,199,204
94016,32,887,919
94017,41,1250,1291
94018,3,167,170
94019,13,571,584
94020,11,635,646
94021,59,1767,1826
94022,118,2771,2889
94023,743,20228,20971
94024,36,623,659
94025,57,1000,1057
94026,62,1594,1656
94027,32,931,963
94028,92,2224,2316
94029,12,493,505
94030,75,1981,2056
94031,50,1528,1578
94032,35,794,829
94033,11,233,244
94034,13,416,429
94035,10,637,647
94036,9,300,309
94037,8,589,597
94038,70,2116,2186
94039,27,1006,1033
94040,19,852,871
94041,8,502,510
94042,34,1047,1081
94043,9,430,439
94044,55,1311,1366
94045,17,659,676
94046,6,338,344
94047,10,265,275
94048,12,594,606
94049,9,653,662
94050,78,2056,2134
94051,12,630,642
94052,422,10626,11048
95001,74,2498,2572
95002,9,402,411
95003,2,241,243
95004,26,1296,1322
95005,5,348,353
95006,120,3649,3769
95007,13,793,806
95008,8,347,355
95009,8,309,317
95010,1,79,80
95011,27,1192,1219
95012,16,560,576
95013,23,631,654
95014,1,133,134
95015,57,1462,1519
95016,5,154,159
95017,30,1161,1191
95018,275,8568,8843
95019,76,2417,2493
95020,19,842,861
95021,127,4158,4285
95022,8,445,453
95023,16,706,722
95024,18,803,821
95025,129,4485,4614
95026,17,997,1014
95027,42,1417,1459
95028,12,407,419
95029,110,3864,3974
95030,10,659,669
95031,54,1655,1709
95032,13,616,629
95033,31,1130,1161
95034,11,452,463
95035,51,1658,1709
95036,1,328,329
95037,28,1111,1139
95038,768,29955,30723
95039,52,1435,1487
95040,3,279,282
95041,63,2047,2110
95042,4,224,228
95043,54,1982,2036
95044,16,606,622
95045,76,2738,2814
95046,81,2440,2521
95047,132,4541,4673
95048,5,329,334
95049,80,2167,2247
95050,55,2352,2407
95051,45,1389,1434
95052,67,1951,2018
95053,60,1638,1698
95054,5,425,430
95055,5,154,159
95056,20,872,892
95057,17,762,779
95058,4,292,296
95059,51,2075,2126
95060,9,482,491
95061,12,214,226
95062,68,2234,2302
95063,8,340,348
95064,4,142,146
95065,297,9533,9830
95066,27,916,943
95067,27,1089,1116
95068,16,473,489
95069,83,2641,2724
95070,14,710,724
95071,5,297,302
95072,28,1490,1518
95073,6,283,289
95074,47,1095,1142
95075,23,975,998
95076,13,335,348
95077,12,302,314
95078,6,115,121
95079,214,7319,7533
95080,14,423,437
95082,25,1666,1691
95083,9,577,586
95084,3,152,155
95085,10,435,445
95086,8,186,194
95087,20,985,1005
95088,3,236,239
96001,8,311,319
96002,75,2952,3027
96003,34,1100,1134
96004,1287,41656,42943
96005,22,872,894
96006,26,846,872
96007,49,1909,1958
96008,2,137,139
96009,8,306,314
96010,22,1090,1112
96012,218,7138,7356
96013,8,178,186
96014,8,385,393
96015,27,768,795
96016,137,3400,3537
96018,108,2694,2802
96019,38,1635,1673
96020,407,13663,14070
96021,37,1375,1412
96023,17,438,455
96024,21,687,708
96025,18,521,539
96026,106,3604,3710
96027,1,109,110
96028,37,1448,1485
96030,3,378,381
96031,12,516,528
96032,53,1879,1932
96033,9,483,492
96034,19,547,566
96035,101,3614,3715
96037,46,1273,1319
96038,13,566,579
96039,13,914,927
96040,119,3658,3777
96041,62,2565,2627
96042,31,1435,1466
96043,8,465,473
96044,1,177,178
96046,56,1994,2050
96047,112,3621,3733
96048,18,1101,1119
96049,53,2248,2301
96050,55,1982,2037
96053,37,1393,1430
96054,30,828,858
96055,1,103,104
96056,49,1494,1543
96057,16,545,561
96058,69,1802,1871
96059,68,2527,2595
96063,36,1286,1322
96064,22,728,750
96065,27,978,1005
96066,20,914,934
96067,5,265,270
96068,84,2301,2385
96069,3,204,207
96071,66,2319,2385
96072,7,199,206
96074,16,890,906
96075,17,466,483
96076,36,1186,1222
96077,230,7388,7618
96078,3,331,334
96079,3,188,191
96080,40,1334,1374
96081,17,375,392
96082,24,1095,1119
96083,33,955,988
96085,85,2557,2642
96086,9,497,506
96087,73,1965,2038
96088,235,10107,10342
97001,97,3094,3191
97002,92,2702,2794
97003,82,2215,2297
97004,178,3971,4149
97005,95,2278,2373
97006,160,4850,5010
97007,30,1250,1280
97008,122,3296,3418
97009,105,3204,3309
97010,149,4317,4466
97011,127,2768,2895
97012,215,5154,5369
97013,501,13091,13592
97014,41,1347,1388
97015,30,811,841
97016,533,12595,13128
97017,197,4191,4388
97018,21,500,521
97019,111,2490,2601
97020,122,3666,3788
97021,98,2281,2379
97022,134,3605,3739
97023,290,7680,7970
97024,51,1679,1730
97025,33,1122,1155
97026,221,4540,4761
97027,12,260,272
97028,57,1642,1699
97029,54,1595,1649
97030,78,2518,2596
97031,115,2416,2531
97032,11,311,322
97033,41,1168,1209
97034,22,673,695
97035,42,722,764
97036,283,8160,8443
97037,124,2392,2516
97038,100,2571,2671
97039,86,2400,2486
97040,77,1854,1931
97042,1576,45878,47454
97043,76,2046,2122
97044,236,4829,5065
97045,182,4074,4256
97046,278,9804,10082
97047,16,363,379
97048,501,14201,14702
97049,375,8308,8683
97050,11,456,467
97051,143,3405,3548
97052,66,1800,1866
97053,110,2563,2673
97054,131,4010,4141
97055,1,28,29
97056,156,3504,3660
97057,388,8740,9128
97058,274,6132,6406
97059,251,6732,6983
97060,29,1190,1219
97061,187,4584,4771
97062,135,3699,3834
97063,4,333,337
97064,2,130,132
97065,67,1862,1929
97067,24,854,878
97068,77,2105,2182
97069,83,2092,2175
97070,116,2140,2256
97071,234,6014,6248
97072,96,2975,3071
97074,71,2056,2127
97075,77,2253,2330
97076,112,2684,2796
97077,4,141,145
97078,73,1682,1755
97079,20,519,539
97082,111,3295,3406
97083,415,10795,11210
97084,23,718,741
97086,79,2687,2766
97090,87,2009,2096
97091,198,5322,5520
97092,169,4477,4646
97093,8,492,500
98001,9,273,282
98002,40,1029,1069
98003,75,1659,1734
98004,184,4127,4311
98005,115,2301,2416
98006,96,2569,2665
98008,162,2780,2942
98009,120,3056,3176
98010,635,14578,15213
98011,43,1460,1503
98012,137,2869,3006
98013,41,1505,1546
98014,137,4365,4502
98015,150,2758,2908
98017,75,2041,2116
98018,94,2070,2164
98019,589,14959,15548
98020,100,2162,2262
98021,98,2766,2864
98022,45,1075,1120
98023,6,196,202
98024,63,1471,1534
98025,110,2109,2219
98026,95,2170,2265
98027,57,1246,1303
98028,96,2453,2549
98029,99,2536,2635
98030,91,2364,2455
98031,1687,43128,44815
98032,303,7286,7589
98033,6,59,65
98034,53,1310,1363
98035,88,2920,3008
98036,70,1690,1760
98037,211,4174,4385
98038,11,430,441
98039,70,1642,1712
98040,72,2169,2241
98041,255,5559,5814
98042,76,1910,1986
98043,87,1917,2004
98044,57,1364,1421
98045,45,1666,1711
98046,94,2515,2609
98047,62,1764,1826
98048,160,3573,3733
98049,115,3239,3354
98050,583,12642,13225
98051,67,1790,1857
98052,85,1846,1931
98053,61,1723,1784
98054,183,3684,3867
98055,163,3285,3448
98056,240,5679,5919
98057,38,881,919
98058,49,1490,1539
98059,73,1662,1735
98060,90,1777,1867
98061,358,7057,7415
98062,53,1438,1491
99001,663,18795,19458
99002,500,16223,16723
99003,369,10134,10503
99004,34,1090,1124
99005,521,13259,13780
99006,36,1293,1329
99008,79,2148,2227
99009,39,955,994
99011,254,6922,7176
99013,1096,33846,34942
99014,5437,144803,150240
99015,85,2924,3009
99016,261,5363,5624
99017,328,9113,9441
99018,873,21415,22288
99020,372,9675,10047
99021,13,363,376
99022,17,775,792
99023,227,6837,7064
99024,58,2595,2653
99025,112,2748,2860
99026,50,1984,2034
99027,37,1028,1065
99028,216,4970,5186
99029,307,6535,6842
100001,87,3015,3102
100002,559,14539,15098
100003,756,18721,19477
100004,330,9839,10169
100005,7517,193893,201410
100006,323,9652,9975
100007,186,5852,6038
101001,83,1891,1974
101002,64,1508,1572
101003,5,526,531
101004,80,2323,2403
101005,21,878,899
101006,33,1014,1047
101007,79,2481,2560
101008,690,13143,13833
101009,253,5000,5253
101010,2481,57642,60123
101011,97,2701,2798
101012,423,9042,9465
101013,1004,15958,16962
101014,135,3114,3249
101015,286,5739,6025
101016,20,1007,1027
101017,378,8322,8700
101018,126,3059,3185
101019,259,5086,5345
101020,81,1885,1966
101021,15,710,725
101022,68,1867,1935
101023,25,1058,1083
101024,118,2733,2851
101025,279,5867,6146
101026,27,734,761
101027,59,1582,1641
102001,54,1887,1941
102002,32,1254,1286
102003,148,3707,3855
102004,17,613,630
102005,33,951,984
102006,104,2911,3015
102007,47,1062,1109
102008,64,1780,1844
102009,71,1948,2019
102010,83,1922,2005
102011,185,4775,4960
102012,87,1671,1758
102013,66,1251,1317
102014,60,1767,1827
102015,93,1517,1610
102016,62,1905,1967
102017,249,4157,4406
102018,53,1632,1685
102019,140,3187,3327
102020,81,1974,2055
102021,260,6141,6401
102022,22,650,672
102023,41,1523,1564
102024,39,1088,1127
102025,194,5717,5911
102026,48,1197,1245
102027,306,8576,8882
102028,47,976,1023
102029,23,868,891
102030,177,4628,4805
102031,236,4146,4382
102032,155,3799,3954
102033,79,2005,2084
102034,140,2395,2535
102035,45,1186,1231
102036,131,2758,2889
102037,289,6063,6352
102038,42,879,921
102039,62,1061,1123
102040,122,2169,2291
102041,23,774,797
102042,40,1330,1370
102043,105,2244,2349
102044,183,5839,6022
102045,42,707,749
102046,37,945,982
102047,1157,30596,31753
102048,23,675,698
102049,84,1652,1736
102050,89,1765,1854
103001,7,388,395
103002,13,381,394
103003,53,1908,1961
103004,7,231,238
103005,2,103,105
103006,18,868,886
103007,13,458,471
103008,149,4671,4820
103009,24,747,771
103010,8,485,493
103011,40,1390,1430
103012,2,184,186
103013,28,723,751
103014,14,553,567
103015,39,1530,1569
103016,14,883,897
103017,159,4870,5029
103018,1,170,171
103019,93,3311,3404
103021,3,299,302
103022,15,576,591
103023,28,639,667
103024,29,730,759
103025,142,4375,4517
103026,47,1359,1406
103028,543,17240,17783
103029,50,1007,1057
103031,9,436,445
103032,2,186,188
103033,58,2250,2308
103034,44,1037,1081
103035,259,7362,7621
103036,3,187,190
103037,5,103,108
103038,3,223,226
103039,7,523,530
103040,7,385,392
103041,37,1321,1358
103042,43,1405,1448
103043,1,119,120
103044,45,2091,2136
103045,9,357,366
103046,43,1206,1249
103047,4,382,386
103048,22,830,852
103049,27,838,865
103050,417,14201,14618
103051,121,3237,3358
103052,33,1077,1110
103053,40,1434,1474
103054,82,2390,2472
103055,20,747,767
103056,16,525,541
103057,38,1818,1856
103058,5,245,250
103059,9,367,376
103060,23,669,692
103061,28,1239,1267
103062,47,1237,1284
103064,98,4596,4694
103065,30,698,728
103066,10,398,408
103067,1,173,174
103068,48,1585,1633
103069,29,1161,1190
103070,12,372,384
103071,49,1897,1946
103072,909,29045,29954
103074,36,1173,1209
103075,171,6105,6276
103076,6,267,273
103077,36,1684,1720
103078,7,299,306
103079,9,468,477
108001,606,14876,15482
108002,76,2001,2077
108003,240,6242,6482
108004,690,17158,17848
108005,244,6668,6912
108006,256,7110,7366
108007,498,10823,11321
108008,488,15010,15498
108009,455,11733,12188
108010,668,16165,16833
108011,236,5815,6051
108012,1304,33507,34811
108013,126,4157,4283
108014,79,2087,2166
108015,636,17188,17824
108016,293,7223,7516
108017,329,7060,7389
108018,246,6367,6613
108019,1545,37438,38983
108020,296,8148,8444
108021,598,15172,15770
108022,134,2901,3035
108023,1744,39902,41646
108024,1126,24797,25923
108025,265,7498,7763
108026,325,8140,8465
108027,1419,33288,34707
108028,2134,44013,46147
108029,260,7152,7412
108030,880,22444,23324
108031,167,4253,4420
108032,218,5370,5588
108033,4705,117817,122522
108034,902,22701,23603
108035,884,22199,23083
108036,220,4973,5193
108037,153,3903,4056
108038,142,3390,3532
108039,1795,43048,44843
108040,976,22752,23728
108041,292,8015,8307
108042,196,4209,4405
108043,334,8315,8649
108044,411,10014,10425
108045,553,13058,13611
108046,228,7262,7490
108047,156,4094,4250
108048,348,8816,9164
108049,490,13456,13946
108050,883,25058,25941
108051,265,6487,6752
108052,189,4916,5105
108053,426,10248,10674
108054,589,15196,15785
108055,254,4508,4762
109001,153,3385,3538
109002,83,3272,3355
109003,23,577,600
109004,62,1834,1896
109005,101,3037,3138
109006,1167,35001,36168
109007,33,913,946
109008,118,3141,3259
109009,42,1118,1160
109010,46,1378,1424
109011,29,869,898
109012,20,608,628
109013,44,1564,1608
109014,11,372,383
109015,22,1066,1088
109016,20,739,759
109017,201,6278,6479
109018,481,12132,12613
109019,5,360,365
109020,18,704,722
109021,5,323,328
109022,66,2020,2086
109023,87,2228,2315
109024,291,7680,7971
109025,9,389,398
109026,22,656,678
109027,30,865,895
109028,10,536,546
109029,26,703,729
109030,119,2689,2808
109031,62,2131,2193
109032,57,1589,1646
109033,505,15210,15715
109034,1022,24936,25958
109035,59,1886,1945
109036,39,1207,1246
109037,585,16188,16773
109038,53,2148,2201
109039,7,326,333
109040,65,1854,1919
110001,3984,93505,97489
110002,3712,89075,92787
110003,2227,51707,53934
110004,979,27443,28422
110005,379,10992,11371
110006,263,8127,8390
110007,633,13101,13734
110008,198,5917,6115
110009,1995,52853,54848
110010,646,13355,14001
111001,140,5821,5961
111002,6,426,432
111003,17,723,740
111004,47,1062,1109
111005,36,1164,1200
111006,23,1017,1040
111007,95,2568,2663
111008,76,2727,2803
111009,612,26060,26672
111010,134,5826,5960
111011,55,1597,1652
111012,11,785,796
111013,140,4062,4202
111014,325,9148,9473
111015,31,1588,1619
111016,163,5732,5895
111017,64,1901,1965
111018,55,2029,2084
111019,17,533,550
111020,13,562,575
111021,61,2624,2685
111022,34,1508,1542
111023,15,773,788
111024,10,297,307
111025,29,1118,1147
111026,16,789,805
111027,47,1128,1175
111028,52,1857,1909
111029,9,456,465
111030,129,4622,4751
111031,187,6067,6254
111032,29,911,940
111033,75,2456,2531
111034,294,10867,11161
111035,611,24882,25493
111036,60,2491,2551
111037,1,218,219
111038,44,1590,1634
111039,59,1994,2053
111040,32,1207,1239
111041,146,4349,4495
111042,120,5040,5160
111043,47,1448,1495
111044,73,3029,3102
111045,22,832,854
111046,23,1149,1172
111047,67,2297,2364
111048,72,1978,2050
111049,31,1412,1443
111050,57,1999,2056
111051,32,842,874
111052,54,2495,2549
111053,12,557,569
111054,35,1283,1318
111055,31,1109,1140
111056,23,800,823
111057,137,4758,4895
111058,34,865,899
111059,121,4790,4911
111060,39,1517,1556
111061,37,1119,1156
111062,206,7983,8189
111063,148,5559,5707
111064,19,715,734
111065,329,8001,8330
111066,87,3347,3434
111067,227,7948,8175
111068,95,3104,3199
111069,57,1637,1694
111070,69,2575,2644
111071,278,10489,10767
111072,115,3741,3856
111073,30,1078,1108
111074,42,1255,1297
111075,154,4559,4713
111076,104,2555,2659
111077,260,8433,8693
111078,134,4480,4614
111079,16,613,629
111080,5,131,136
111081,33,1185,1218
111082,24,771,795
111083,10,604,614
111084,95,3528,3623
111085,17,1080,1097
111086,60,1808,1868
111087,53,1766,1819
111088,34,1047,1081
111089,65,3299,3364
111090,24,969,993
111091,17,951,968
111092,12,386,398
111093,127,3890,4017
111094,5,501,506
111095,49,1781,1830
111096,443,12969,13412
111097,57,2442,2499
111098,106,3321,3427
111099,38,979,1017
111100,17,617,634
111101,26,1175,1201
111102,26,989,1015
111103,106,4391,4497
111104,21,978,999
111105,113,3575,3688
111106,219,6417,6636
111107,96,2453,2549
